8
16
17
34
47
51
111
127
128
130
133
134
135
137
139
141
160
161
162
163
164
177
179
181
187
189
191
197
198
202
209
228
229
230
232
242
243
244
245
246
247
248
249
260
273
274
279
281
282
286
287
288
325
331
333
334
335
337
339
340
341
342
343
344
360
361
362
363
364
372
373
378
381
386
388
415
421
426
427
428
429
430
431
432
436
439
448
450
455
459
460
464
471
473
475
477
478
479
480
481
482
484
485
486
493
494
495
498
499
500
504
505
508
509
510
511
512
513
514
515
517
521
538
539
543
544
545
547
565
568
572
573
574
578
582
583
584
585
587
589
591
607
608
609
610
611
621
628
629
631
632
633
636
637
657
658
659
660
661
664
667
668
669
682
686
687
688
689
692
695
697
698
699
700
701
721
725
726
727
728
732
734
735
737
740
741
742
743
744
755
769
770
771
773
774
780
786
788
789
790
791
792
793
794
795
797
800
801
807
819
836
838
840
855
859
862
864
866
868
869
875
876
884
886
890
903
917
918
931
934
943
944
945
952
953
954
963
970
971
973
976
979
980
982
985
988
990
994
996
997
998
1000
1003
1011
1012
1013
1018
1026
1027
1028
1029
1032
1041
1042
1043
1044
1045
1046
1048
1051
1052
1056
1057
1076
1077
1081
1089
1094
1095
1098
1099
1100
1101
1102
1103
1104
1114
1115
1116
1118
1119
1120
1121
1122
1123
1124
1126
1132
1135
1146
1151
1153
1157
1161
1163
1166
1173
1174
1175
1186
1195
1196
1201
1202
1203
1208
1209
1210
1214
1219
1222
1226
1227
1228
1230
1244
1245
1246
1247
1255
1257
1258
1261
1264
1270
1271
1273
1274
1275
1278
1284
1285
1286
1287
1304
1305
1306
1307
1311
1312
1313
1314
1316
1318
1319
1320
1321
1322
1323
1324
1327
1333
1334
1335
1336
1340
1341
1342
1343
1345
1346
1347
1349
1351
1356
1361
1364
1367
1369
1370
1372
1374
1376
1378
1379
1380
1382
1383
1385
1386
1392
1407
1413
1416
1417
1420
1426
1433
1434
1435
1436
1437
1446
1447
1448
1449
1450
1451
1452
1453
1454
1456
1461
1462
1463
1464
1472
1475
1477
1481
1483
1484
1485
1486
1487
1488
1489
1500
1505
1511
1512
1513
1514
1515
1516
1519
1527
1529
1530
1531
1532
1536
1537
1538
1539
1542
1544
1548
1549
1554
1566
1569
1570
1573
1574
1575
1576
1578
1579
1580
1581
1582
1583
1584
1585
1586
1594
1596
1597
1598
1599
1600
1601
1602
1603
1610
1613
1614
1615
1618
1619
1620
1622
1623
1636
1645
1653
1662
1664
1675
1678
1680
1685
1698
1701
1715
1723
1747
1749
1750
1756
1757
1764
1773
1791
1797
1799
1858
1870
1919
1920
1921
1926
1953
1969
1973
1979
1980
1985
1989
1998
1999
2014
2039
2042
2052
2059
2060
2063
2072
2077
2081
2082
2092
2097
2098
2099
2104
2110
2111
2116
2122
2132
2133
2138
2143
2146
2152
2155
2157
2160
2161
2162
2163
2165
2166
2167
2168
2169
2170
2174
2176
2177
2178
2179
2180
2182
2186
2188
2193
2195
2199
2202
2203
2204
2206
2207
2208
2209
2210
2211
2213
2214
2224
2229
2232
2236
2237
2248
2274
2277
2278
2279
2280
2281
2282
2283
2284
2285
2287
2291
2298
2300
2301
2305
2308
2344
2355
2358
2414
2416
2419
2425
2428
2430
2434
2436
2437
2442
2447
2449
2451
2455
2458
2461
2463
2473
2475
2484
2494
2496
2499
2501
2503
2506
2508
2527
2529
2531
2535
2536
2537
2539
2540
2542
2544
2546
2548
2550
2563
2566
2568
2571
2572
2573
2575
2576
2577
2578
2581
2585
2586
2587
2590
2593
2595
2600
2601
2602
2603
2604
2605
2606
2608
2611
2612
2613
2614
2617
2618
2619
2620
2621
2624
2636
2640
2641
2642
2647
2652
2655
2676
2681
2683
2686
2696
2704
2706
2718
2726
2728
2731
2733
2735
2743
2748
2749
2753
2754
2757
2759
2760
2761
2762
2777
2780
2781
2790
2792
2797
2802
2803
2805
2809
2815
2816
2817
2818
2823
2826
2828
2832
2833
2838
2839
2841
2843
2846
2849
2852
2853
2864
2871
2873
2874
2875
2878
2881
2884
2885
2887
2888
2890
2891
2892
2893
2895
2898
2902
2903
2906
2912
2917
2920
2928
2929
2932
2957
2959
2970
2972
2973
2981
3020
3053
3054
3058
3061
3075
3084
3085
3086
3087
3095
3096
3097
3098
3100
3103
3106
3109
3112
3113
3118
3128
3138
3155
3177
3180
3182
3183
3184
3188
3190
3202
3204
3205
3213
3221
3225
3227
3233
3250
3251
3252
3254
3257
3258
3259
3260
3261
3262
3264
3265
3268
3269
3271
3274
3275
3276
3277
3288
3307
3309
3310
3314
3319
3356
3357
3358
3361
3362
3363
3365
3432
3436
3438
3439
3444
3445
3449
3450
3451
3454
3455
3456
3457
3458
3459
3461
3462
3469
3471
3478
3482
3492
3493
3497
3498
3499
3504
3507
3510
3512
3514
3516
3519
3521
3522
3523
3528
3529
3533
3534
3535
3538
3542
3543
3552
3553
3555
3557
3566
3568
3569
3572
3573
3575
3577
3578
3580
3581
3582
3594
3595
3596
3597
3598
3600
3601
3602
3604
3605
3606
3607
3608
3615
3616
3620
3621
3622
3624
3626
3627
3628
3629
3631
3632
3633
3637
3641
3643
3644
3647
3648
3649
3650
3651
3656
3658
3661
3664
3665
3666
3671
3672
3676
3682
3683
3685
3687
3688
3689
3691
3695
3700
3701
3707
3708
3709
3710
3711
3712
3713
3715
3716
3718
3721
3733
3737
3741
3748
3752
3754
3764
3768
3774
3775
3776
3780
3783
3784
3799
3813
3816
3817
3819
3820
3826
3834
3839
3856
3857
3858
3860
3862
3863
3865
3866
3869
3877
3893
3896
3898
3902
3912
3913
3914
3927
3928
3946
3953
3954
3955
3956
3957
3958
3959
3960
3961
3965
3968
3970
3971
3993
3998
3999
4001
4004
4022
4027
4032
4035
4040
4043
4048
4055
4057
4058
4071
4074
4088
4091
4093
4096
4097
4098
4099
4102
4104
4105
4109
4111
4113
4114
4116
4117
4118
4120
4122
4125
4127
4128
4129
4134
4135
4139
4141
4145
4147
4148
4150
4151
4152
4153
4154
4158
4159
4160
4166
4168
4170
4177
4187
4188
4190
4192
4206
4208
4209
4210
4212
4213
4214
4215
4216
4222
4224
4227
4228
4229
4231
4234
4237
4241
4250
4258
4265
4266
4270
4272
4273
4274
4279
4284
4286
4288
4292
4294
4297
4298
4302
4304
4305
4306
4308
4319
4320
4321
4326
4327
4331
4332
4335
4338
4342
4343
4345
4350
4355
4356
4362
4363
4370
4376
4377
4390
4391
4392
4397
4398
4404
4414
4416
4420
4425
4429
4435
4437
4438
4439
4440
4445
4453
4454
4457
4458
4461
4462
4464
4470
4472
4474
4475
4476
4477
4480
4482
4483
4484
4485
4486
4487
4490
4491
4497
4498
4499
4503
4505
4514
4518
4519
4520
4522
4523
4524
4528
4530
4531
4533
4536
4537
4538
4540
4542
4550
4551
4552
4554
4563
4564
4566
4570
4573
4574
4575
4577
4582
4585
4590
4591
4594
4595
4602
4603
4604
4606
4611
4615
4618
4621
4622
4627
4628
4629
4630
4631
4638
4639
4646
4648
4652
4657
4662
4663
4665
4666
4667
4669
4670
4672
4677
4679
4684
4685
4686
4687
4689
4691
4696
4700
4701
4705
4763
4819
4820
4823
4826
4827
4829
4831
4832
4833
4834
4835
4836
4837
4838
4839
4840
4841
4842
4843
4847
4850
4853
4858
4859
4860
4861
4862
4863
4865
4868
4872
4873
4876
4878
4881
4884
4885
4888
4893
4895
4899
4901
4904
4918
4919
4921
4923
4925
4926
4927
4930
4931
4932
4933
4935
4938
4939
4940
4942
4943
4944
4945
4946
4947
4948
4949
4950
4951
4952
4959
4976
4988
4997
5025
5026
5033
5037
5038
5040
5046
5049
5051
5052
5053
5054
5060
5062
5063
5067
5068
5072
5073
5074
5075
5077
5078
5079
5083
5084
5087
5089
5091
5092
5094
5095
5098
5099
5103
5106
5107
5115
5119
5120
5121
5123
5124
5125
5128
5131
5134
5135
5136
5140
5142
5143
5145
5147
5153
5156
5157
5159
5160
5162
5163
5165
5166
5169
5170
5175
5179
5184
5185
5187
5192
5193
5196
5198
5199
5208
5210
5215
5217
5218
5221
5222
5230
5234
5238
5242
5252
5253
5256
5266
5271
5274
5275
5277
5280
5286
5288
5298
5299
5303
5306
5308
5320
5323
5324
5326
5331
5335
5336
5353
5355
5357
5358
5359
5360
5361
5363
5364
5366
5367
5368
5371
5374
5378
5382
5383
5385
5388
5389
5391
5392
5395
5396
5398
5409
5423
5426
5430
5435
5436
5439
5441
5447
5451
5452
5453
5455
5456
5457
5461
5462
5464
5466
5473
5474
5475
5479
5494
5503
5516
5528
5536
5537
5541
5543
5550
5553
5556
5575
5577
5579
5582
5583
5589
5601
5605
5614
5617
5624
5626
5627
5675
5710
5714
5719
5723
5729
5731
5733
5738
5739
5740
5742
5744
5750
5751
5753
5755
5756
5758
5760
5766
5769
5771
5775
5779
5782
5783
5784
5787
5789
5804
5806
5810
5814
5819
5824
5825
5827
5830
5835
5836
5842
5929
5932
5933
5936
5945
5955
5980
5982
5986
5990
5995
5997
6007
6008
6011
6015
6017
6023
6024
6027
6028
6030
6031
6041
6042
6043
6045
6049
6053
6055
6057
6058
6061
6062
6063
6064
6066
6068
6080
6081
6091
6102
6103
6109
6112
6127
6129
6144
6146
6153
6158
6164
6165
6166
6167
6168
6169
6173
6174
6175
6177
6179
6180
6181
6182
6184
6185
6186
6218
6230
6277
6279
6281
6283
6285
6296
6300
6302
6303
6305
6307
6309
6310
6311
6312
6313
6314
6316
6317
6318
6320
6321
6322
6324
6325
6326
6327
6328
6330
6333
6337
6339
6340
6341
6342
6343
6347
6348
6350
6352
6354
6355
6356
6358
6366
6367
6369
6370
6371
6372
6373
6374
6378
6379
6381
6382
6384
6386
6387
6388
6389
6390
6392
6393
6395
6400
6401
6402
6403
6404
6409
6410
6412
6413
6414
6416
6419
6420
6421
6422
6424
6426
6427
6428
6430
6431
6432
6433
6439
6443
6445
6449
6450
6451
6453
6462
6465
6469
6473
6490
6503
6510
6512
6515
6517
6520
6522
6564
6574
6578
6579
6580
6582
6585
6586
6587
6588
6590
6602
6604
6605
6609
6611
6621
6626
6632
6635
6637
6639
6641
6642
6644
6649
6651
6658
6659
6661
6662
6665
6667
6668
6669
6671
6672
6674
6675
6677
6678
6679
6680
6686
6687
6694
6695
6696
6698
6699
6700
6702
6703
6705
6707
6709
6711
6712
6713
6715
6718
6722
6724
6725
6729
6736
6737
6738
6739
6741
6743
6746
6747
6749
6751
6752
6756
6757
6758
6761
6769
6772
6782
6784
6785
6786
6798
6799
6802
6805
6819
6821
6825
6827
6828
6830
6832
6836
6843
6845
6848
6849
6851
6858
6860
6867
6872
6873
6877
6879
6928
6938
7005
7016
7018
7020
7025
7026
7040
7042
7046
7047
7049
7056
7066
7067
7068
7069
7072
7078
7080
7081
7083
7084
7087
7089
7092
7093
7099
7101
7104
7106
7109
7121
7125
7132
7147
7151
7153
7154
7162
7165
7167
7178
7180
7182
7184
7186
7197
7199
7207
7216
7218
7228
7230
7231
7232
7236
7243
7249
7256
7257
7277
7279
7284
7285
7286
7287
7288
7289
7290
7294
7303
7304
7305
7306
7307
7308
7309
7325
7329
7331
7340
7349
7351
7356
7359
7362
7364
7366
7369
7370
7371
7372
7376
7394
7395
7397
7406
7407
7408
7415
7419
7420
7422
7424
7431
7444
7445
7446
7449
7450
7454
7458
7463
7464
7466
7467
7469
7473
7475
7481
7483
7484
7487
7489
7493
7494
7499
7504
7505
7506
7508
7510
7512
7515
7516
7517
7525
7527
7528
7534
7536
7541
7543
7600
7614
7647
7656
7660
7671
7673
7687
7720
7721
7749
7751
7778
7788
7797
7811
7813
7818
7822
7823
7824
7826
7828
7829
7832
7838
7839
7848
7851
7869
7886
7902
7915
7916
7934
7937
7939
7945
7950
7960
7965
7969
7970
7973
7974
7977
7985
7989
8001
8012
8021
8022
8025
8027
8029
8030
8035
8040
8041
8042
8044
8045
8051
8053
8059
8061
8063
8066
8070
8071
8073
8075
8080
8092
8098
8111
8112
8114
8116
8118
8129
8135
8137
8138
8146
8150
8151
8153
8156
8157
8158
8163
8172
8182
8190
8193
8195
8196
8199
8200
8203
8204
8210
8212
8218
8219
8221
8228
8234
8235
8238
8239
8242
8244
8247
8251
8256
8257
8259
8263
8269
8279
8280
8287
8292
8294
8298
8300
8306
8309
8312
8315
8317
8324
8331
8332
8336
8337
8338
8339
8342
8343
8344
8345
8352
8353
8355
8356
8357
8358
8359
8361
8362
8364
8365
8366
8367
8368
8369
8371
8374
8375
8379
8380
8382
8383
8384
8386
8387
8389
8393
8394
8395
8397
8400
8406
8408
8410
8415
8416
8418
8420
8422
8424
8426
8427
8428
8432
8437
8439
8440
8441
8443
8446
8448
8453
8454
8455
8496
8501
8515
8520
8523
8530
8535
8542
8551
8554
8559
8560
8569
8581
8585
8593
8595
8600
8601
8611
8612
8618
8624
8625
8626
8630
8631
8632
8634
8642
8643
8644
8645
8646
8647
8649
8651
8663
8666
8668
8669
8670
8671
8673
8677
8693
8694
8696
8697
8700
8702
8721
8729
8733
8741
8748
8751
8752
8753
8754
8755
8756
8758
8765
8771
8785
8793
8798
8799
8810
8817
8819
8820
8821
8825
8836
8839
8849
8850
8852
8853
8854
8863
8867
8871
8872
8875
8880
8885
8887
8888
8892
8894
8895
8899
8902
8903
8905
8907
8919
8920
8921
8924
8925
8928
8929
8938
8942
8943
8947
8950
8952
8953
8955
8957
8958
8959
8960
8961
8962
8967
8968
8971
8972
8973
8974
8976
8977
8978
8979
8980
8981
8982
8984
8985
8986
8995
9006
9009
9013
9017
9019
9020
9023
9024
9025
9029
9031
9032
9034
9036
9041
9048
9051
9053
9055
9062
9064
9065
9068
9073
9074
9075
9081
9082
9090
9093
9113
9118
9119
9123
9125
9126
9132
9140
9143
9144
9150
9158
9163
9167
9171
9174
9179
9182
9183
9191
9196
9198
9201
9202
9203
9204
9205
9206
9208
9209
9210
9221
9241
9245
9251
9252
9253
9254
9258
9276
9279
9281
9286
9287
9288
9289
9296
9299
9300
9302
9303
9304
9313
9315
9318
9322
9323
9328
9336
9339
9340
9341
9348
9350
9361
9367
9375
9383
9384
9385
9387
9391
9397
9398
9401
9402
9408
9413
9417
9422
9434
9436
9439
9445
9446
9450
9464
9466
9478
9482
9497
9502
9505
9506
9508
9517
9518
9542
9544
9552
9558
9562
9563
9567
9601
9614
9618
9622
9644
9651
9663
9665
9667
9668
9669
9708
9710
9711
9734
9739
9740
9742
9743
9760
9767
9768
9770
9801
9802
9803
9805
9806
9808
9813
9819
9825
9828
9829
9830
9832
9833
9834
9838
9840
9841
9842
9843
9844
9846
9848
9854
9855
9857
9865
9866
9873
9885
9886
9888
9890
9891
9892
9894
9896
9898
9899
9905
9908
9912
9914
9915
9916
9919
9920
9922
9924
9928
9934
9940
9944
9945
9946
9949
9950
9951
9955
9957
9959
9967
9976
9978
9981
9982
9985
9990
9991
9992
9993
9994
9998
10000
10001
10002
10007
10009
10017
10026
10031
10036
10037
10039
10040
10041
10042
10044
10045
10050
10054
10062
10064
10065
10066
10067
10068
10071
10083
10085
10086
10088
10091
10092
10102
10103
10104
10105
10106
10107
10108
10110
10111
10112
10113
10119
10124
10127
10138
10142
10144
10145
10149
10153
10159
10164
10166
10167
10169
10177
10187
10188
10190
10191
10194
10195
10198
10199
10203
10204
10206
10208
10209
10211
10215
10224
10231
10232
10242
10245
10246
10247
10248
10263
10265
10267
10273
10274
10276
10295
10310
10317
10319
10328
10329
10331
10335
10340
10346
10348
10349
10350
10352
10354
10359
10363
10365
10370
10373
10376
10377
10378
10379
10380
10386
10388
10392
10397
10400
10402
10403
10404
10406
10407
10408
10413
10426
10429
10437
10442
10448
10449
10459
10460
10466
10468
10470
10473
10474
10480
10485
10490
10500
10501
10504
10505
10522
10523
10524
10526
10527
10528
10530
10531
10534
10536
10538
10539
10545
10546
10547
10549
10550
10551
10553
10558
10559
10560
10562
10566
10567
10570
10573
10574
10575
10577
10578
10579
10582
10583
10584
10585
10589
10593
10599
10600
10601
10602
10603
10604
10607
10608
10609
10610
10611
10614
10618
10621
10622
10624
10625
10628
10629
10632
10637
10639
10647
10656
10657
10658
10659
10660
10665
10673
10674
10678
10682
10685
10686
10687
10690
10692
10717
10720
10730
10731
10736
10737
10766
10773
10777
10781
10782
10783
10784
10817
10818
10819
10820
10821
10822
10824
10825
10827
10828
10829
10831
10838
10843
10844
10845
10846
10848
10850
10851
10852
10853
10855
10856
10862
10863
10864
10865
10867
10871
10878
10879
10880
10881
10886
10889
10892
10895
10896
10897
10898
10900
10901
10902
10903
10905
10909
10910
10912
10914
10920
10921
10925
10926
10927
10928
10930
10932
10937
10938
10948
10949
10953
10954
10955
10956
10957
10958
10959
10960
10965
10967
10968
10970
10972
10973
10979
10986
10996
10997
11003
11010
11011
11019
11020
11022
11023
11027
11028
11030
11031
11039
11043
11044
11052
11070
11073
11074
11082
11090
11091
11092
11097
11098
11099
11100
11105
11110
11111
11112
11114
11115
11119
11120
11122
11125
11129
11133
11143
11151
11155
11157
11161
11163
11164
11166
11169
11170
11172
11173
11176
11179
11180
11181
11187
11196
11197
11209
11210
11218
11224
11227
11230
11232
11238
11243
11245
11246
11251
11265
11292
11293
11295
11297
11301
11302
11305
11311
11322
11326
11338
11343
11350
11351
11352
11353
11359
11364
11366
11367
11383
11384
11386
11388
11389
11390
11391
11393
11397
11404
11406
11409
11415
11416
11418
11422
11424
11425
11427
11430
11431
11432
11434
11435
11437
11442
11444
11446
11447
11448
11452
11460
11461
11462
11463
11472
11475
11476
11479
11481
11483
11484
11489
11490
11491
11492
11496
11502
11506
11521
11522
11523
11526
11527
11529
11530
11531
11532
11536
11538
11539
11541
11549
11551
11564
11566
11567
11568
11570
11572
11573
11577
11579
11597
11615
11617
11625
11627
11631
11643
11644
11646
11650
11652
11653
11654
11655
11657
11661
11664
11666
11667
11669
11670
11671
11674
11675
11676
11677
11678
11680
11681
11683
11684
11691
11693
11694
11698
11701
11702
11703
11704
11705
11708
11709
11710
11716
11717
11719
11720
11723
11731
11733
11734
11738
11739
11744
11747
11750
11751
11752
11755
11756
11766
11767
11768
11772
11774
11777
11780
11782
11785
11786
11789
11796
11806
11813
11814
11815
11816
11818
11821
11822
11824
11829
11831
11832
11833
11840
11841
11853
11856
11863
11864
11865
11868
11873
11874
11876
11878
11879
11880
11882
11885
11886
11887
11891
11894
11895
11896
11898
11899
11903
11904
11911
11912
11913
11914
11915
11916
11917
11918
11919
11920
11922
11926
11931
11932
11933
11934
11935
11938
11939
11941
11945
11946
11950
11951
11953
11960
11962
11963
11964
11966
11967
11970
11972
11975
11977
11978
11979
11980
11982
11983
11984
11995
12003
12004
12006
12016
12020
12023
12024
12027
12029
12031
12032
12033
12035
12036
12042
12047
12050
12052
12053
12055
12056
12057
12058
12060
12063
12064
12066
12074
12086
12090
12091
12093
12094
12095
12096
12097
12099
12108
12110
12111
12112
12118
12137
12142
12144
12146
12148
12150
12152
12153
12156
12159
12161
12168
12170
12171
12173
12178
12184
12189
12199
12200
12204
12205
12207
12213
12214
12215
12217
12221
12222
12232
12233
12235
12236
12240
12247
12249
12260
12261
12269
12273
12275
12276
12277
12278
12279
12284
12285
12287
12293
12294
12295
12298
12300
12303
12304
12305
12308
12309
12310
12312
12315
12317
12324
12326
12329
12330
12337
12340
12341
12344
12346
12349
12356
12359
12361
12362
12363
12367
12376
12387
12390
12393
12394
12398
12411
12423
12424
12450
12453
12459
12475
12479
12496
12502
12503
12507
12510
12513
12517
12530
12534
12535
12536
12541
12542
12543
12544
12545
12549
12558
12563
12564
12583
12586
12590
12621
12622
12650
12654
12655
12659
12661
12663
12665
12667
12668
12669
12670
12671
12672
12676
12679
12682
12683
12686
12687
12688
12689
12690
12692
12693
12694
12697
12698
12699
12701
12703
12705
12707
12709
12710
12717
12718
12727
12731
12732
12736
12737
12738
12739
12740
12741
12742
12746
12749
12750
12751
12753
12755
12757
12759
12760
12766
12768
12773
12774
12775
12787
12788
12791
12823
12827
12833
12840
12842
12844
12846
12849
12883
12886
12891
12901
12907
12909
12910
12911
12913
12914
12916
12922
12925
12926
12927
12929
12930
12931
12932
12933
12934
12935
12936
12937
12941
12942
12943
12944
12946
12947
12950
12953
12954
12962
12964
12965
12967
12969
12972
12973
12975
12977
12979
12993
12995
13000
13003
13005
13007
13012
13013
13014
13015
13016
13021
13025
13026
13029
13030
13033
13035
13036
13040
13042
13043
13044
13046
13049
13050
13059
13060
13061
13069
13076
13078
13082
13085
13087
13089
13093
13094
13095
13097
13104
13105
13114
13122
13128
13132
13133
13137
13138
13142
13143
13144
13146
13148
13151
13153
13158
13159
13165
13175
13177
13180
13182
13183
13185
13187
13188
13190
13191
13192
13194
13195
13197
13198
13199
13200
13201
13202
13205
13206
13208
13209
13210
13211
13212
13213
13214
13215
13216
13218
13221
13222
13223
13225
13226
13227
13228
13233
13234
13236
13237
13239
13240
13241
13242
13244
13246
13247
13248
13251
13252
13255
13258
13261
13262
13263
13266
13267
13269
13271
13274
13276
13277
13279
13280
13281
13282
13283
13293
13294
13297
13298
13300
13301
13302
13303
13304
13305
13306
13307
13308
13309
13310
13312
13313
13315
13319
13320
13322
13323
13327
13330
13332
13341
13348
13351
13374
13378
13393
13394
13395
13396
13415
13426
13428
13429
13431
13434
13437
13440
13442
13452
13453
13457
13466
13477
13482
13483
13498
13499
13507
13512
13539
13549
13553
13554
13559
13583
13584
13586
13589
13594
13597
13601
13602
13605
13607
13622
13624
13626
13632
13643
13645
13646
13650
13698
13704
13708
13713
13714
13715
13717
13721
13723
13726
13731
13741
13743
13744
13754
13756
13763
13772
13780
13785
13787
13790
13791
13794
13797
13817
13818
13819
13827
13829
13831
13840
13849
13854
13858
13860
13864
13866
13870
13872
13873
13875
13876
13877
13879
13888
13897
13898
13901
13908
13923
13924
13925
13931
13935
13938
13971
13975
13991
13994
13998
14008
14028
14070
14084
14164
14167
14182
14245
14250
14257
14270
14292
14299
14319
14320
14329
14334
14347
14350
14401
14422
14426
14479
14481
14482
14502
14584
14585
14597
14600
14610
14621
14632
14636
14638
14648
14653
14658
14660
14663
14664
14666
14669
14691
14692
14697
14700
14714
14723
14724
14732
14734
14735
14736
14750
14752
14755
14764
14766
14769
14773
14780
14785
14788
14789
14790
14794
14795
14796
14800
14801
14804
14816
14817
14820
14828
14834
14842
14844
14845
14846
14858
14859
14861
14862
14863
14871
14872
14878
14896
14900
14906
14908
14933
14936
14942
14953
14958
14966
14975
14994
14998
15018
15020
15045
15047
15060
15061
15062
15077
15084
15086
15092
15107
15120
15121
15130
15134
15138
15158
15159
15165
15171
15172
15175
15176
15180
15185
15190
15196
15201
15203
15205
15207
15209
15222
15225
15230
15235
15245
15248
15250
15251
15253
15254
15257
15265
15266
15269
15270
15273
15274
15275
15277
15279
15282
15283
15285
15286
15288
15289
15290
15292
15293
15294
15295
15297
15309
15310
15311
15312
15314
15318
15319
15320
15321
15322
15324
15328
15329
15331
15333
15337
15338
15339
15341
15342
15343
15344
15345
15348
15349
15353
15354
15355
15357
15359
15361
15365
15369
15373
15375
15377
15378
15381
15383
15386
15388
15391
15395
15398
15405
15406
15407
15411
15412
15423
15424
15425
15426
15427
15428
15429
15430
15431
15432
15434
15435
15436
15438
15439
15440
15441
15445
15447
15448
15449
15450
15451
15452
15455
15457
15458
15463
15464
15468
15469
15471
15478
15479
15480
15481
15482
15484
15486
15490
15491
15500
15501
15506
15508
15509
15510
15512
15513
15516
15518
15522
15524
15525
15526
15527
15530
15532
15534
15539
15543
15544
15550
15551
15552
15553
15556
15561
15563
15564
15565
15566
15567
15572
15573
15574
15576
15577
15578
15579
15580
15582
15583
15586
15587
15590
15591
15595
15597
15600
15620
15625
15630
15641
15642
15644
15653
15654
15664
15678
15690
15699
15702
15707
15714
15723
15724
15743
15745
15760
15761
15770
15772
15773
15775
15781
15782
15784
15787
15792
15797
15799
15806
15808
15811
15812
15813
15814
15821
15827
15837
15839
15840
15842
15848
15851
15854
15856
15862
15866
15868
15870
15872
15875
15876
15879
15881
15882
15901
15906
15910
15912
15929
15933
15934
15935
15943
15944
15946
15949
15979
15992
16004
16011
16023
16025
16026
16040
16042
16063
16066
16070
16082
16083
16084
16086
16088
16092
16095
16099
16108
16110
16111
16113
16117
16127
16133
16134
16143
16144
16145
16146
16216
16247
16248
16249
16276
16279
16282
16297
16299
16303
16322
16324
16332
16336
16339
16340
16341
16342
16344
16360
16361
16362
16363
16365
16366
16367
16371
16374
16376
16377
16379
16385
16387
16388
16391
16392
16396
16398
16399
16400
16401
16402
16413
16415
16419
16432
16434
16438
16440
16444
16450
16452
16453
16459
16463
16464
16470
16472
16475
16477
16479
16480
16481
16494
16505
16513
16516
16557
16558
16559
16569
16585
16591
16593
16601
16602
16603
16613
16618
16619
16621
16622
16623
16624
16627
16628
16630
16633
16634
16635
16637
16646
16647
16648
16650
16657
16660
16663
16667
16669
16673
16687
16689
16691
16699
16703
16704
16706
16709
16710
16712
16713
16714
16716
16717
16719
16722
16724
16726
16728
16730
16731
16733
16737
16738
16739
16740
16743
16744
16745
16746
16747
16748
16750
16751
16753
16756
16760
16764
16766
16769
16776
16777
16778
16779
16780
16787
16788
16789
16790
16792
16795
16796
16798
16799
16808
16811
16812
16816
16818
16824
16827
16828
16829
16832
16833
16834
16835
16836
16837
16838
16839
16841
16842
16843
16846
16848
16849
16850
16851
16852
16853
16854
16855
16856
16857
16861
16863
16864
16865
16866
16867
16870
16871
16873
16874
16876
16877
16879
16886
16892
16895
16896
16897
16898
16907
16912
16914
16915
16916
16917
16923
16924
16925
16926
16929
16936
16940
16941
16946
16948
16949
16950
16951
16972
16975
16985
16986
16992
16993
16995
17004
17008
17024
17027
17030
17032
17035
17036
17043
17047
17058
17072
17074
17079
17080
17090
17095
17097
17098
17100
17101
17109
17110
17111
17112
17113
17114
17115
17119
17120
17123
17125
17126
17127
17136
17137
17138
17140
17144
17151
17159
17163
17178
17179
17180
17194
17195
17196
17199
17202
17203
17210
17211
17212
17213
17214
17217
17239
17245
17247
17260
17262
17264
17270
17276
17286
17291
17294
17295
17296
17298
17305
17307
17311
17314
17316
17318
17322
17339
17341
17342
17343
17346
17349
17355
17368
17372
17373
17374
17380
17382
17386
17387
17389
17395
17396
17397
17398
17399
17400
17407
17433
17446
17451
17458
17460
17463
17466
17468
17470
17471
17474
17476
17477
17478
17482
17484
17488
17489
17490
17499
17510
17511
17514
17516
17518
17519
17522
17525
17526
17529
17543
17544
17548
17551
17555
17558
17560
17561
17565
17566
17588
17589
17590
17597
17601
17613
17615
17617
17620
17627
17628
17631
17632
17633
17634
17635
17638
17643
17644
17645
17647
17649
17650
17651
17657
17658
17659
17660
17663
17664
17672
17677
17681
17682
17685
17686
17687
17688
17689
17690
17691
17692
17693
17697
17699
17700
17702
17703
17704
17706
17707
17709
17710
17711
17712
17714
17715
17720
17724
17727
17735
17744
17747
17750
17754
17760
17761
17768
17794
17795
17797
17801
17803
17811
17812
17816
17819
17821
17825
17826
17828
17829
17832
17834
17835
17836
17842
17849
17851
17853
17856
17859
17869
17871
17873
17875
17877
17878
17883
17884
17885
17886
17889
17891
17892
17894
17895
17896
17899
17901
17905
17910
17913
17915
17916
17917
17919
17920
17921
17922
17924
17927
17930
17931
17933
17944
17957
17964
17966
17971
17973
17975
17987
17988
17989
17991
17992
17995
17998
18004
18005
18008
18012
18013
18015
18017
18018
18029
18036
18041
18052
18054
18062
18064
18065
18067
18073
18080
18084
18085
18090
18092
18098
18103
18108
18116
18120
18121
18125
18136
18137
18141
18145
18149
18150
18151
18152
18153
18155
18159
18167
18172
18183
18186
18190
18191
18195
18196
18209
18214
18218
18219
18244
18296
18313
18315
18333
18336
18365
18370
18392
18399
18416
18417
18418
18419
18420
18423
18428
18440
18461
18491
18504
18509
18551
18571
18574
18576
18580
18583
18592
18604
18613
18614
18622
18625
18660
18661
18665
18666
18670
18671
18674
18685
18686
18687
18700
18703
18705
18717
18720
18727
18730
18734
18740
18747
18753
18756
18757
18758
18759
18762
18763
18772
18783
18785
18789
18790
18792
18794
18796
18800
18801
18802
18804
18807
18809
18811
18812
18814
18817
18818
18820
18822
18824
18825
18827
18830
18835
18836
18837
18838
18841
18843
18845
18848
18849
18850
18855
18856
18857
18858
18859
18862
18864
18867
18874
18880
18881
18882
18884
18888
18890
18894
18896
18907
18909
18910
18911
18914
18915
18916
18917
18921
18931
18932
18938
18942
18945
18947
18950
18954
18955
18957
18958
18959
18960
18963
18968
18969
18971
18976
18986
18988
18989
19004
19017
19024
19025
19027
19031
19032
19034
19037
19038
19039
19040
19043
19044
19051
19052
19054
19058
19063
19068
19069
19071
19073
19078
19080
19081
19083
19095
19099
19102
19108
19110
19112
19121
19125
19126
19131
19133
19134
19135
19137
19139
19141
19149
19151
19153
19158
19161
19166
19173
19174
19177
19181
19187
19189
19190
19198
19200
19206
19207
19209
19211
19212
19213
19216
19217
19219
19223
19226
19230
19235
19237
19239
19240
19242
19243
19249
19253
19254
19267
19278
19281
19282
19283
19287
19290
19297
19300
19301
19303
19307
19308
19311
19312
19313
19315
19320
19322
19323
19330
19332
19334
19341
19342
19343
19344
19348
19353
19355
19359
19362
19372
19376
19389
19404
19455
19456
19479
19480
19511
19512
19516
19520
19530
19545
19546
19548
19553
19564
19575
19577
19579
19604
19680
19699
19701
19703
19721
19729
19741
19743
19746
19747
19748
19749
19750
19751
19752
19753
19755
19756
19758
19759
19761
19763
19766
19767
19769
19772
19776
19780
19782
19783
19784
19785
19794
19795
19796
19797
19798
19806
19810
19814
19815
19817
19818
19820
19821
19822
19826
19832
19839
19843
19844
19853
19855
19856
19857
19858
19859
19860
19861
19863
19865
19866
19869
19874
19875
19876
19878
19885
19886
19888
19889
19892
19897
19898
19899
19902
19903
19910
19919
19923
19926
19931
19939
19940
19941
19942
19948
19950
19951
19952
19956
19959
19964
19967
19968
19970
19979
19981
19982
19983
19986
19989
19991
19992
19993
19995
19996
19997
20000
20002
20006
20007
20011
20013
20028
20030
20031
20033
20034
20037
20040
20045
20046
20047
20048
20049
20051
20053
20054
20060
20061
20062
20063
20066
20068
20078
20079
20081
20083
20086
20091
20095
20103
20104
20105
20106
20109
20112
20113
20114
20116
20117
20120
20121
20122
20127
20129
20133
20134
20135
20136
20137
20140
20142
20143
20145
20146
20153
20162
20166
20172
20173
20175
20176
20177
20181
20182
20188
20204
20206
20209
20211
20213
20215
20216
20218
20219
20220
20222
20223
20226
20227
20231
20235
20236
20239
20241
20244
20247
20248
20249
20250
20251
20253
20255
20258
20263
20269
20270
20272
20273
20275
20276
20278
20279
20281
20283
20285
20289
20292
20308
20312
20318
20319
20320
20325
20327
20328
20332
20333
20337
20341
20342
20347
20357
20359
20364
20365
20371
20372
20373
20376
20378
20382
20388
20389
20398
20400
20413
20423
20426
20433
20435
20457
20463
20468
20484
20493
20494
20496
20501
20502
20504
20505
20509
20511
20513
20514
20515
20516
20517
20518
20519
20521
20526
20530
20539
20541
20542
20545
20549
20550
20553
20556
20559
20560
20564
20567
20569
20571
20572
20573
20577
20578
20594
20600
20601
20603
20604
20605
20606
20609
20612
20613
20617
20618
20623
20626
20627
20630
20631
20634
20639
20641
20649
20651
20657
20658
20676
20677
20681
20683
20684
20687
20688
20690
20692
20693
20695
20709
20710
20712
20713
20715
20718
20720
20721
20722
20723
20724
20727
20729
20730
20731
20733
20734
20735
20736
20738
20740
20743
20744
20746
20747
20748
20750
20752
20754
20756
20757
20758
20760
20764
20765
20777
20780
20784
20786
20788
20790
20791
20793
20795
20797
20802
20803
20804
20805
20806
20807
20810
20812
20813
20814
20819
20821
20825
20827
20829
20830
20833
20835
20838
20842
20848
20854
20857
20858
20860
20865
20873
20875
20877
20878
20881
20883
20884
20886
20891
20892
20895
20896
20898
20899
20906
20912
20913
20922
20923
20925
20926
20933
20934
20937
20944
20945
20954
20955
20958
20960
20962
20964
20970
20976
20978
20982
20983
20988
20994
20999
21004
21007
21009
21013
21015
21019
21026
21030
21033
21034
21035
21051
21071
21072
21074
21075
21092
21110
21111
21128
21137
21144
21148
21167
21168
21172
21189
21203
21219
21233
21238
21239
21249
21251
21252
21253
21265
21270
21274
21286
21293
21294
21296
21297
21298
21302
21304
21307
21316
21318
21328
21336
21338
21344
21361
21363
21365
21372
21387
21388
21390
21397
21400
21404
21405
21406
21407
21412
21415
21416
21422
21423
21433
21444
21449
21461
21463
21469
21470
21472
21474
21485
21520
21527
21528
21535
21536
21538
21541
21544
21549
21557
21572
21573
21575
21576
21577
21580
21607
21610
21613
21614
21616
21617
21619
21633
21636
21639
21641
21648
21650
21653
21658
21660
21661
21665
21670
21672
21673
21678
21679
21684
21685
21688
21689
21690
21692
21693
21694
21695
21697
21698
21699
21700
21701
21702
21703
21704
21706
21708
21711
21713
21717
21718
21719
21720
21724
21725
21726
21727
21730
21732
21734
21737
21740
21741
21746
21748
21754
21757
21760
21764
21765
21766
21767
21768
21771
21776
21785
21794
21795
21815
21816
21822
21824
21825
21828
21831
21832
21836
21837
21838
21839
21849
21851
21857
21859
21863
21864
21870
21874
21875
21877
21889
21896
21912
21920
21925
21928
21929
21932
21936
21938
21945
21954
21955
21956
21957
21961
21962
21964
21966
21973
21997
22002
22010
22012
22015
22031
22035
22045
22050
22085
22093
22098
22106
22110
22113
22124
22125
22127
22128
22139
22142
22143
22145
22147
22148
22149
22150
22151
22152
22153
22154
22157
22158
22159
22160
22161
22162
22163
22165
22166
22167
22168
22171
22175
22177
22180
22181
22187
22188
22194
22196
22200
22202
22205
22211
22213
22214
22215
22218
22219
22220
22221
22222
22223
22224
22225
22231
22237
22238
22242
22243
22244
22245
22249
22250
22251
22254
22256
22257
22258
22259
22261
22263
22264
22265
22267
22269
22270
22278
22279
22280
22281
22289
22290
22291
22292
22293
22297
22298
22300
22305
22310
22311
22315
22317
22318
22321
22324
22325
22326
22327
22328
22329
22330
22331
22332
22333
22334
22337
22340
22343
22344
22346
22349
22350
22358
22365
22366
22368
22371
22374
22378
22382
22384
22385
22386
22388
22389
22390
22393
22394
22395
22396
22398
22400
22404
22405
22408
22409
22410
22411
22412
22417
22418
22419
22420
22424
22428
22429
22432
22434
22435
22442
22443
22444
22445
22447
22455
22456
22465
22476
22478
22484
22486
22487
22490
22494
22496
22500
22502
22503
22504
22505
22514
22518
22520
22522
22523
22525
22526
22527
22528
22535
22540
22541
22542
22544
22546
22559
22567
22579
22580
22586
22588
22589
22593
22596
22599
22601
22602
22606
22610
22611
22615
22619
22627
22628
22633
22637
22640
22643
22646
22647
22654
22656
22658
22659
22661
22666
22674
22676
22677
22679
22699
22705
22707
22709
22719
22732
22738
22741
22749
22750
22751
22752
22753
22755
22756
22757
22760
22761
22767
22770
22772
22773
22776
22777
22778
22780
22781
22782
22783
22784
22786
22793
22795
22798
22801
22802
22805
22809
22812
22813
22819
22820
22821
22822
22823
22824
22827
22829
22831
22832
22834
22841
22843
22850
22851
22857
22858
22864
22870
22872
22873
22874
22875
22878
22879
22880
22885
22887
22890
22891
22892
22894
22897
22898
22902
22903
22905
22910
22912
22917
22920
22924
22930
22948
22953
22961
22964
22966
22967
22969
22976
22978
22981
22983
22986
22993
22996
23009
23013
23016
23023
23029
23031
23035
23043
23044
23049
23050
23051
23055
23056
23062
23065
23068
23072
23075
23076
23087
23088
23089
23091
23094
23095
23107
23108
23112
23114
23115
23119
23124
23127
23128
23129
23132
23135
23138
23140
23142
23143
23144
23145
23146
23147
23173
23175
23183
23189
23190
23196
23198
23199
23200
23201
23203
23209
23216
23218
23225
23226
23228
23232
23233
23235
23236
23237
23239
23243
23244
23248
23251
23253
23254
23257
23259
23262
23266
23269
23277
23282
23292
23293
23294
23295
23297
23298
23302
23305
23307
23312
23318
23319
23325
23330
23333
23342
23348
23349
23350
23351
23354
23357
23359
23360
23361
23362
23364
23367
23368
23369
23370
23371
23372
23373
23375
23384
23385
23386
23387
23388
23390
23391
23392
23397
23398
23399
23401
23402
23404
23405
23411
23413
23414
23416
23419
23424
23425
23428
23430
23431
23432
23433
23435
23437
23438
23439
23440
23443
23444
23445
23450
23451
23454
23456
23457
23458
23459
23461
23462
23464
23468
23471
23472
23473
23474
23476
23477
23478
23479
23480
23483
23484
23486
23487
23488
23491
23492
23493
23494
23495
23497
23501
23502
23504
23506
23508
23510
23511
23512
23514
23517
23519
23520
23526
23527
23528
23530
23532
23533
23534
23535
23536
23539
23542
23544
23546
23547
23548
23549
23551
23552
23553
23556
23557
23559
23561
23562
23565
23567
23568
23570
23576
23577
23578
23579
23580
23587
23589
23591
23592
23594
23598
23600
23601
23603
23604
23605
23609
23610
23611
23612
23613
23614
23615
23617
23619
23623
23628
23630
23631
23632
23633
23634
23636
23637
23638
23641
23643
23644
23646
23647
23648
23651
23652
23653
23654
23662
23663
23664
23673
23675
23676
23677
23678
23680
23685
23688
23690
23692
23693
23695
23703
23705
23706
23709
23710
23713
23715
23717
23721
23723
23729
23730
23731
23733
23734
23735
23736
23738
23739
23742
23743
23745
23749
23750
23752
23754
23757
23760
23761
23762
23764
23768
23770
23772
23773
23775
23778
23782
23783
23785
23787
23790
23792
23793
23798
23799
23801
23802
23803
23804
23806
23809
23810
23812
23813
23815
23816
23819
23821
23823
23827
23828
23833
23834
23838
23839
23840
23842
23843
23844
23846
23851
23855
23857
23858
23859
23860
23861
23863
23865
23870
23874
23879
23880
23884
23903
23904
23905
23908
23920
23927
23929
23934
23937
23938
23942
23960
23961
23963
23964
23970
23971
23972
23975
23980
23988
23989
23991
23992
23994
23996
24003
24006
24008
24012
24013
24014
24017
24022
24023
24027
24028
24029
24034
24040
24042
24043
24045
24049
24051
24056
24058
24059
24061
24066
24067
24071
24072
24077
24078
24080
24082
24086
24087
24088
24091
24092
24093
24097
24098
24099
24101
24102
24104
24106
24108
24110
24114
24116
24122
24124
24127
24131
24132
24133
24136
24137
24138
24139
24141
24142
24144
24145
24146
24147
24148
24150
24151
24152
24153
24155
24156
24158
24159
24160
24163
24165
24167
24169
24172
24180
24185
24193
24194
24196
24197
24200
24203
24204
24209
24211
24215
24219
24225
24235
24240
24243
24247
24253
24255
24256
24260
24263
24264
24265
24266
24272
24273
24277
24279
24280
24282
24283
24292
24295
24303
24305
24307
24309
24310
24312
24315
24316
24317
24318
24321
24324
24328
24329
24331
24332
24333
24337
24341
24344
24345
24347
24349
24350
24351
24356
24359
24362
24363
24364
24366
24367
24370
24380
24387
24389
24390
24393
24395
24397
24398
24400
24401
24402
24403
24404
24406
24412
24416
24418
24424
24430
24431
24543
24552
24613
24619
24630
24638
24646
24686
24726
24733
24754
24756
24769
24770
24796
24800
24802
24805
24806
24809
24810
24812
24814
24815
24816
24818
24819
24820
24821
24824
24829
24830
24832
24833
24837
24839
24842
24843
24848
24856
24857
24858
24865
24866
24869
24871
24872
24873
24875
24879
24880
24882
24883
24884
24885
24887
24888
24890
24894
24895
24900
24902
24904
24905
24907
24908
24910
24911
24912
24914
24915
24917
24923
24925
24929
24942
24943
24948
24950
24955
24962
24963
24964
24966
24967
24969
24972
24973
24980
24983
24984
24986
24988
24989
24990
24992
24993
24994
24996
24997
24999
25001
25002
25003
25004
25006
25007
25008
25009
25011
25012
25018
25021
25024
25025
25026
25027
25029
25036
25041
25043
25046
25048
25051
25055
25056
25058
25059
25060
25062
25064
25066
25067
25068
25075
25080
25081
25082
25083
25087
25089
25090
25091
25092
25093
25096
25099
25102
25104
25105
25106
25107
25109
25115
25116
25117
25118
25119
25125
25129
25131
25132
25134
25136
25147
25148
25157
25159
25160
25166
25167
25173
25175
25176
25177
25179
25181
25182
25183
25184
25186
25188
25199
25200
25202
25204
25205
25206
25207
25210
25211
25212
25220
25225
25226
25228
25229
25230
25231
25232
25235
25237
25238
25239
25246
25248
25251
25252
25253
25258
25259
25260
25264
25265
25272
25273
25275
25276
25279
25280
25281
25284
25286
25287
25290
25291
25296
25301
25308
25310
25312
25313
25315
25317
25319
25321
25322
25324
25326
25328
25330
25333
25336
25348
25357
25360
25371
25376
25381
25382
25384
25386
25392
25396
25398
25399
25401
25403
25408
25409
25410
25411
25412
25413
25414
25415
25416
25419
25421
25424
25425
25431
25435
25437
25438
25440
25444
25446
25447
25448
25449
25451
25454
25457
25459
25465
25470
25472
25480
25482
25489
25490
25491
25492
25493
25495
25496
25497
25503
25504
25507
25513
25514
25515
25519
25522
25526
25527
25532
25535
25537
25542
25543
25545
25548
25551
25556
25557
25558
25560
25562
25563
25564
25565
25567
25570
25574
25577
25581
25584
25586
25587
25588
25589
25591
25592
25593
25594
25596
25599
25605
25606
25607
25608
25612
25616
25617
25618
25619
25623
25624
25625
25630
25632
25633
25635
25639
25645
25655
25656
25657
25659
25660
25662
25663
25664
25665
25667
25672
25676
25679
25686
25688
25696
25701
25702
25705
25708
25710
25711
25713
25715
25716
25717
25723
25730
25738
25739
25747
25753
25755
25760
25764
25766
25769
25770
25775
25776
25780
25781
25786
25787
25789
25790
25797
25803
25808
25813
25814
25817
25818
25821
25822
25823
25824
25825
25827
25828
25830
25834
25838
25839
25840
25843
25846
25849
25852
25853
25855
25856
25857
25858
25859
25860
25862
25868
25869
25873
25875
25876
25877
25879
25884
25891
25894
25896
25907
25912
25914
25919
25922
25926
25927
25930
25931
25935
25936
25947
25949
25952
25954
25955
25956
25959
25961
25966
25970
25973
25977
25980
25983
25985
25989
25991
25992
25995
25997
25999
26008
26009
26010
26014
26016
26021
26025
26027
26028
26029
26030
26031
26032
26033
26034
26036
26037
26038
26040
26044
26046
26054
26055
26060
26067
26068
26069
26070
26071
26072
26074
26075
26087
26088
26092
26093
26095
26096
26101
26104
26105
26108
26112
26113
26114
26116
26122
26123
26137
26140
26142
26146
26153
26161
26167
26171
26183
26189
26190
26191
26192
26195
26196
26199
26200
26201
26202
26203
26206
26226
26229
26232
26234
26235
26240
26245
26246
26247
26248
26249
26251
26255
26256
26257
26258
26259
26260
26261
26262
26272
26274
26286
26287
26291
26297
26300
26306
26313
26315
26316
26317
26322
26337
26338
26347
26357
26359
26368
26369
26371
26373
26375
26376
26385
26387
26389
26390
26393
26394
26399
26402
26405
26406
26410
26412
26414
26444
26445
26446
26447
26448
26452
26453
26455
26456
26457
26458
26459
26462
26468
26474
26479
26482
26484
26489
26490
26491
26497
26501
26502
26521
26522
26523
26527
26529
26530
26531
26534
26535
26538
26540
26543
26546
26547
26561
26562
26566
26571
26578
26579
26583
26590
26592
26594
26598
26600
26601
26604
26611
26612
26613
26614
26615
26617
26619
26627
26629
26636
26638
26645
26653
26656
26657
26658
26674
26677
26678
26691
26692
26702
26703
26709
26710
26717
26721
26722
26723
26738
26739
26740
26743
26746
26749
26750
26753
26754
26755
26759
26760
26762
26763
26766
26767
26768
26770
26772
26773
26777
26780
26781
26785
26796
26799
26800
26801
26802
26821
26823
26825
26826
26835
26838
26842
26843
26849
26850
26851
26852
26854
26857
26858
26859
26861
26862
26867
26869
26871
26885
26890
26894
26907
26913
26926
26928
26932
26936
26937
26938
26950
26954
26959
26967
26968
26976
26982
26986
26993
26994
26997
27000
27002
27003
27007
27009
27012
27017
27018
27025
27027
27030
27035
27038
27048
27054
27059
27063
27077
27080
27089
27105
27119
27125
27126
27130
27131
27133
27134
27135
27136
27152
27153
27156
27162
27165
27167
27170
27172
27176
27182
27188
27189
27191
27192
27193
27197
27199
27203
27204
27210
27211
27212
27213
27215
27216
27222
27223
27227
27241
27243
27248
27249
27254
27262
27273
27287
27290
27291
27300
27308
27312
27314
27315
27317
27326
27327
27330
27333
27337
27340
27346
27347
27349
27350
27352
27362
27368
27378
27388
27391
27392
27401
27403
27405
27407
27408
27409
27414
27415
27419
27424
27433
27444
27445
27448
27454
27459
27461
27465
27471
27475
27476
27478
27481
27482
27483
27485
27486
27487
27488
27489
27492
27493
27494
27506
27514
27518
27524
27528
27543
27544
27546
27557
27562
27569
27576
27582
27588
27591
27600
27610
27615
27616
27617
27626
27630
27642
27655
27657
27676
27679
27696
27698
27711
27713
27715
27724
27726
27740
27753
27762
27768
27776
27777
27786
27790
27798
27802
27813
27829
27835
27836
27850
27851
27856
27883
27896
27897
27903
27905
27907
27911
27913
27916
27924
27925
27926
27929
27930
27932
27934
27936
27937
27938
27941
27945
27948
27951
27955
27958
27960
27964
27966
27969
27970
27973
27977
27978
27987
27996
28003
28004
28009
28013
28015
28016
28018
28019
28020
28022
28023
28034
28036
28037
28038
28039
28047
28048
28049
28050
28054
28057
28059
28060
28065
28066
28068
28071
28074
28075
28078
28080
28081
28082
28083
28087
28088
28090
28092
28093
28096
28098
28100
28101
28106
28109
28111
28113
28116
28117
28122
28126
28127
28128
28129
28130
28133
28142
28147
28150
28153
28154
28155
28156
28157
28158
28159
28166
28167
28178
28181
28182
28183
28186
28187
28190
28192
28195
28197
28198
28201
28203
28207
28210
28213
28228
28231
28233
28239
28240
28245
28249
28250
28255
28257
28262
28266
28277
28282
28290
28291
28298
28300
28302
28310
28311
28313
28314
28317
28318
28319
28321
28327
28329
28331
28332
28333
28334
28335
28336
28337
28339
28340
28341
28345
28348
28349
28352
28353
28354
28356
28360
28361
28363
28364
28365
28366
28372
28375
28377
28379
28380
28384
28388
28389
28390
28393
28395
28398
28400
28402
28404
28407
28409
28410
28412
28413
28414
28418
28421
28437
28462
28467
28468
28499
28510
28515
28520
28525
28533
28582
28587
28599
28600
28605
28614
28654
28655
28657
28669
28681
28709
28713
28723
28726
28733
28736
28741
28743
28746
28748
28749
28751
28752
28753
28754
28779
28787
28795
28796
28797
28799
28800
28801
28803
28806
28810
28814
28815
28821
28822
28823
28825
28826
28829
28830
28831
28832
28833
28837
28839
28845
28846
28847
28849
28850
28855
28857
28858
28859
28863
28864
28865
28867
28870
28872
28874
28876
28885
28887
28891
28892
28897
28899
28900
28901
28902
28905
28908
28910
28912
28920
28921
28927
28932
28935
28937
28938
28943
28946
28949
28951
28953
28957
28961
28962
28964
28966
28968
28973
28974
28977
28979
28980
28984
28987
28988
28992
28996
29000
29004
29006
29013
29017
29029
29033
29034
29036
29041
29042
29043
29044
29046
29047
29048
29050
29053
29055
29056
29061
29062
29070
29076
29079
29080
29083
29084
29086
29087
29089
29107
29113
29114
29117
29124
29125
29126
29132
29135
29141
29143
29144
29145
29150
29152
29153
29154
29155
29156
29157
29160
29166
29167
29174
29178
29185
29187
29192
29193
29194
29205
29206
29208
29209
29211
29215
29216
29222
29225
29227
29230
29238
29240
29248
29257
29260
29262
29264
29269
29271
29272
29273
29281
29289
29299
29306
29308
29309
29310
29311
29314
29318
29320
29329
29332
29342
29372
29373
29387
29391
29392
29402
29420
29431
29438
29455
29467
29524
29544
29562
29563
29572
29585
29588
29593
29615
29616
29625
29633
29634
29637
29640
29643
29644
29664
29679
29681
29688
29690
29694
29695
29701
29712
29713
29715
29716
29719
29720
29721
29727
29731
29732
29733
29734
29739
29740
29742
29744
29746
29750
29752
29753
29754
29757
29759
29761
29763
29766
29767
29770
29772
29779
29780
29781
29782
29783
29784
29785
29788
29794
29795
29797
29798
29802
29803
29804
29805
29806
29807
29809
29810
29811
29813
29815
29816
29817
29819
29820
29821
29822
29823
29826
29827
29828
29829
29830
29831
29832
29834
29835
29836
29840
29841
29842
29844
29845
29846
29847
29848
29849
29850
29853
29854
29855
29856
29857
29858
29859
29860
29861
29862
29863
29864
29865
29866
29867
29868
29869
29870
29871
29873
29874
29875
29876
29877
29879
29881
29882
29883
29884
29885
29886
29887
29889
29891
29893
29897
29899
29907
29909
29912
29913
29914
29917
29918
29919
29921
29922
29924
29925
29926
29928
29930
29931
29938
29941
29944
29946
29951
29952
29953
29954
29958
29959
29960
29961
29963
29967
29970
29978
29979
29980
29984
29985
29987
29989
29992
29993
29994
29995
30000
30001
30003
30004
30005
30006
30008
30014
30015
30016
30019
30020
30023
30024
30025
30026
30027
30028
30030
30031
30032
30033
30036
30037
30040
30041
30042
30043
30045
30046
30047
30048
30051
30053
30055
30056
30057
30059
30061
30065
30066
30067
30068
30069
30071
30074
30075
30076
30077
30079
30084
30086
30089
30090
30093
30095
30100
30101
30104
30107
30109
30110
30111
30112
30113
30117
30119
30121
30122
30123
30125
30126
30127
30129
30132
30138
30139
30145
30146
30149
30152
30154
30155
30161
30164
30166
30167
30170
30171
30172
30174
30175
30176
30177
30178
30179
30180
30181
30182
30186
30187
30188
30189
30192
30195
30196
30197
30203
30204
30205
30206
30207
30209
30211
30215
30220
30227
30231
30235
30241
30242
30245
30251
30256
30260
30264
30266
30268
30271
30273
30276
30277
30278
30280
30285
30287
30289
30292
30293
30294
30311
30312
30316
30323
30328
30330
30340
30341
30344
30349
30350
30352
30354
30361
30362
30369
30371
30373
30380
30381
30394
30414
30418
30448
30454
30458
30460
30461
30462
30465
30466
30470
30471
30498
30501
30505
30507
30515
30518
30543
30572
30586
30611
30631
30634
30647
30695
30697
30698
30700
30701
30702
30703
30710
30720
30722
30726
30734
30747
30751
30759
30771
30772
30773
30790
30815
30816
30820
30829
30830
30837
30853
30855
30857
30859
30860
30861
30863
30866
30873
30877
30878
30879
30882
30888
30891
30894
30895
30896
30897
30899
30900
30901
30902
30912
30913
30915
30916
30917
30919
30921
30922
30925
30927
30928
30929
30930
30931
30932
30933
30935
30936
30939
30943
30945
30955
30967
30969
30970
30971
30973
30975
30979
30986
30988
30989
30994
30995
30996
30998
31001
31005
31006
31009
31016
31018
31022
31023
31030
31033
31034
31036
31038
31040
31051
31055
31056
31057
31058
31065
31078
31079
31081
31083
31089
31094
31095
31101
31103
31104
31106
31107
31109
31118
31120
31123
31125
31127
31128
31140
31141
31142
31146
31149
31157
31158
31161
31162
31163
31170
31173
31176
31177
31181
31182
31183
31186
31189
31196
31201
31202
31205
31206
31211
31216
31217
31219
31222
31230
31231
31233
31234
31235
31240
31242
31248
31251
31253
31254
31275
31285
31290
31294
31295
31297
31298
31299
31300
31301
31305
31313
31319
31321
31326
31328
31330
31333
31336
31339
31340
31341
31344
31346
31351
31365
31367
31368
31377
31378
31380
31381
31382
31386
31387
31393
31394
31397
31398
31406
31411
31418
31419
31420
31421
31424
31425
31433
31434
31435
31436
31438
31443
31445
31446
31447
31448
31450
31451
31453
31457
31461
31466
31468
31469
31471
31472
31474
31475
31477
31480
31482
31485
31489
31491
31494
31501
31508
31511
31512
31514
31517
31525
31526
31530
31531
31534
31553
31554
31555
31558
31561
31564
31568
31570
31573
31580
31581
31585
31586
31587
31589
31594
31597
31600
31606
31609
31610
31619
31620
31628
31629
31634
31638
31642
31644
31645
31647
31656
31662
31664
31671
31673
31676
31678
31680
31681
31682
31684
31686
31689
31693
31698
31699
31701
31704
31707
31708
31709
31712
31720
31725
31726
31728
31731
31742
31743
31745
31746
31750
31752
31756
31757
31758
31762
31763
31764
31811
31883
31919
31920
31941
31953
31964
31982
31985
31992
31998
31999
32020
32052
32093
32175
32183
32194
32248
32257
32271
32274
32290
32291
32294
32295
32308
32328
32329
32334
32337
32344
32354
32357
32362
32371
32380
32383
32384
32395
32396
32432
32434
32444
32458
32461
32466
32470
32474
32481
32485
32488
32489
32491
32496
32507
32516
32518
32521
32527
32528
32531
32532
32537
32538
32547
32548
32556
32566
32574
32578
32580
32581
32593
32613
32614
32630
32632
32636
32638
32641
32652
32653
32658
32659
32666
32668
32674
32676
32679
32681
32688
32689
32693
32695
32696
32698
32708
32718
32719
32722
32729
32733
32760
32761
32774
32782
32803
32837
32847
32854
32857
32865
32867
32872
32877
32878
32891
32899
32918
32921
32923
32924
32925
32935
32936
32941
32942
32943
32944
32949
32955
32963
32964
32966
32970
32973
32974
32978
32981
32985
32989
32992
32997
33001
33007
33010
33024
33026
33030
33043
33051
33052
33059
33060
33069
33070
33072
33073
33074
33077
33086
33099
33109
33127
33128
33137
33141
33142
33145
33158
33160
33176
33183
33213
33234
33252
33258
33266
33276
33277
33278
33280
33282
33284
33288
33292
33293
33294
33295
33296
33298
33303
33315
33322
33323
33324
33326
33332
33338
33339
33344
33345
33350
33351
33352
33355
33361
33362
33364
33370
33395
33411
33415
33421
33422
33425
33442
33444
33445
33451
33452
33455
33462
33466
33481
33484
33498
33502
33511
33515
33519
33524
33526
33529
33531
33534
33537
33538
33543
33544
33546
33549
33551
33555
33557
33563
33566
33569
33570
33573
33578
33581
33586
33587
33591
33599
33600
33603
33610
33614
33618
33619
33624
33626
33629
33630
33633
33641
33642
33649
33651
33662
33664
33665
33666
33670
33673
33677
33678
33680
33686
33697
33700
33702
33704
33709
33711
33718
33732
33733
33734
33737
33741
33742
33743
33744
33745
33746
33747
33758
33760
33762
33763
33764
33770
33771
33779
33780
33781
33782
33783
33786
33792
33793
33794
33797
33798
33799
33800
33801
33803
33805
33811
33815
33816
33819
33820
33821
33824
33834
33837
33842
33862
33868
33873
33874
33877
33879
33880
33881
33882
33884
33890
33902
33925
33928
33930
33931
33937
33939
33941
33942
33948
33952
33953
33968
33969
33971
33972
33973
33974
33980
33981
33986
33989
33994
33996
34001
34008
34010
34015
34016
34018
34019
34020
34025
34041
34042
34043
34045
34046
34050
34053
34056
34063
34069
34073
34085
34086
34087
34092
34094
34096
34099
34101
34104
34115
34116
34118
34127
34134
34135
34140
34141
34155
34156
34163
34164
34165
34166
34170
34171
34176
34177
34178
34179
34183
34195
34201
34203
34206
34208
34212
34221
34225
34234
34236
34243
34245
34256
34262
34269
34279
34288
34295
34297
34298
34300
34304
34315
34317
34324
34360
34370
34371
34378
34387
34393
34397
34407
34408
34409
34414
34420
34431
34436
34443
34452
34455
34463
34464
34465
34467
34468
34469
34491
34501
34516
34547
34580
34629
34631
34643
34659
34678
34709
34720
34723
34724
34728
34731
34733
34742
34750
34754
34755
34783
34791
34795
34796
34799
34808
34834
34843
34845
34847
34852
34855
34864
34868
34870
34872
34889
34890
34892
34893
34894
34895
34896
34901
34902
34911
34912
34914
34918
34923
34936
34942
34953
34956
34960
34963
34972
34980
34981
34982
34984
34987
34989
34991
34993
34998
35004
35006
35012
35014
35021
35022
35026
35033
35036
35039
35041
35046
35062
35066
35072
35075
35076
35079
35083
35088
35097
35110
35111
35112
35113
35131
35145
35164
35167
35171
35175
35200
35202
35204
35206
35208
35210
35219
35222
35232
35236
35247
35248
35249
35250
35253
35266
35279
35287
35289
35292
35293
35298
35300
35301
35303
35307
35320
35327
35328
35332
35337
35339
35340
35341
35345
35346
35349
35350
35361
35367
35370
35378
35380
35381
35387
35392
35396
35397
35398
35400
35401
35403
35404
35405
35406
35415
35418
35422
35429
35431
35434
35446
35454
35458
35460
35465
35478
35494
35495
35496
35501
35502
35514
35515
35516
35517
35518
35524
35527
35532
35543
35546
35551
35555
35557
35561
35564
35565
35571
35574
35581
35583
35585
35588
35596
35598
35602
35603
35604
35605
35606
35607
35609
35610
35611
35612
35614
35615
35616
35617
35618
35620
35621
35622
35624
35626
35627
35628
35629
35630
35631
35634
35637
35638
35639
35641
35644
35646
35648
35654
35655
35658
35659
35661
35662
35663
35664
35666
35668
35669
35670
35672
35679
35685
35686
35688
35693
35695
35697
35698
35701
35726
35727
35732
35734
35739
35752
35762
35764
35768
35775
35783
35786
35795
35797
35800
35801
35803
35805
35809
35810
35812
35813
35814
35822
35823
35827
35832
35836
35841
35842
35846
35864
35865
35874
35875
35886
35890
35891
35899
35901
35902
35904
35905
35906
35909
35913
35918
35919
35920
35925
35926
35929
35931
35933
35938
35951
35963
35966
35983
35984
35988
35990
35993
35997
35999
36009
36017
36022
36023
36025
36029
36032
36042
36043
36047
36052
36055
36057
36062
36068
36069
36081
36091
36100
36113
36114
36115
36116
36117
36118
36119
36123
36124
36125
36134
36141
36143
36160
36167
36173
36177
36188
36197
36199
36203
36209
36212
36215
36217
36218
36221
36222
36224
36225
36226
36228
36230
36234
36237
36238
36239
36240
36241
36243
36245
36246
36255
36261
36262
36263
36265
36271
36272
36275
36277
36278
36279
36281
36288
36293
36303
36304
36321
36335
36336
36339
36345
36348
36350
36351
36354
36356
36357
36360
36368
36371
36373
36374
36378
36392
36397
36403
36404
36405
36409
36414
36415
36418
36419
36420
36423
36426
36427
36428
36429
36436
36437
36445
36446
36448
36450
36460
36466
36469
36471
36478
36488
36491
36494
36496
36503
36504
36506
36509
36518
36524
36525
36531
36537
36579
36581
36589
36602
36607
36614
36616
36618
36619
36625
36632
36644
36645
36648
36649
36652
36657
36660
36667
36669
36670
36675
36684
36690
36692
36693
36694
36696
36725
36731
36741
36744
36751
36754
36756
36757
36759
36765
36768
36770
36772
36775
36776
36779
36780
36786
36791
36792
36795
36796
36797
36803
36804
36806
36809
36823
36826
36829
36832
36834
36836
36839
36841
36844
36845
36851
36852
36855
36856
36859
36860
36864
36867
36870
36873
36874
36875
36876
36877
36879
36880
36881
36883
36888
36891
36894
36897
36904
36911
36915
36918
36919
36921
36922
36926
36927
36943
36952
36953
36956
36957
36960
36964
36968
36970
36974
36975
36980
36981
36982
36984
36988
36996
36997
36998
36999
37001
37004
37005
37006
37009
37019
37022
37026
37029
37031
37032
37040
37041
37043
37049
37050
37051
37055
37059
37060
37062
37064
37065
37068
37074
37075
37080
37083
37084
37091
37105
37113
37119
37128
37131
37132
37145
37147
37158
37159
37160
37161
37169
37170
37171
37172
37176
37179
37180
37181
37193
37194
37195
37205
37206
37207
37208
37212
37213
37215
37216
37217
37218
37224
37225
37227
37244
37247
37248
37251
37256
37267
37268
37283
37294
37307
37318
37319
37320
37325
37327
37335
37337
37339
37349
37356
37357
37358
37359
37363
37369
37371
37380
37386
37388
37396
37406
37408
37414
37417
37420
37421
37423
37424
37427
37430
37433
37444
37447
37449
37450
37452
37455
37459
37460
37462
37463
37465
37468
37479
37497
37509
37516
37517
37519
37526
37527
37536
37537
37538
37550
37551
37552
37558
37564
37580
37594
37596
37610
37612
37635
37636
37638
37643
37644
37645
37650
37653
37655
37656
37661
37663
37666
37671
37676
37677
37679
37680
37681
37682
37683
37684
37685
37687
37689
37691
37693
37694
37698
37699
37700
37705
37711
37712
37714
37715
37716
37722
37728
37731
37734
37737
37741
37743
37744
37745
37748
37750
37751
37752
37753
37754
37755
37756
37759
37760
37761
37763
37764
37765
37766
37767
37768
37770
37771
37774
37776
37777
37779
37780
37781
37783
37788
37789
37790
37791
37793
37794
37797
37798
37799
37807
37809
37812
37814
37820
37822
37831
37832
37838
37839
37846
37847
37850
37856
37870
37874
37875
37876
37883
37900
37906
37910
37913
37914
37915
37916
37917
37925
37933
37934
37935
37938
37940
37942
37947
37949
37952
37953
37956
37958
37983
37984
37989
37991
37992
37994
37997
37999
38002
38004
38007
38008
38011
38013
38023
38024
38027
38034
38038
38044
38051
38054
38071
38083
38085
38088
38090
38091
38095
38096
38100
38103
38104
38109
38111
38117
38122
38124
38129
38132
38145
38146
38147
38149
38151
38154
38157
38164
38167
38169
38174
38177
38181
38186
38197
38198
38199
38213
38225
38227
38234
38238
38244
38245
38255
38261
38263
38266
38267
38275
38277
38278
38279
38282
38284
38285
38287
38289
38299
38300
38301
38307
38308
38310
38314
38316
38320
38323
38329
38332
38337
38342
38344
38345
38351
38352
38353
38354
38362
38366
38372
38374
38375
38381
38383
38385
38391
38392
38393
38401
38402
38411
38422
38423
38428
38436
38438
38448
38453
38454
38455
38459
38460
38461
38463
38469
38470
38471
38472
38473
38480
38488
38490
38492
38494
38499
38500
38501
38502
38506
38508
38509
38510
38512
38516
38518
38519
38528
38542
38544
38545
38548
38549
38550
38552
38553
38555
38556
38560
38561
38562
38565
38566
38568
38570
38571
38572
38573
38574
38575
38576
38578
38580
38582
38583
38584
38585
38586
38588
38589
38591
38592
38597
38600
38601
38603
38604
38605
38606
38607
38608
38610
38613
38617
38620
38621
38622
38623
38632
38634
38635
38638
38640
38643
38647
38648
38653
38655
38656
38662
38663
38670
38671
38672
38681
38682
38683
38684
38687
38690
38691
38696
38701
38703
38707
38708
38717
38722
38725
38727
38734
38735
38744
38745
38747
38748
38750
38754
38757
38758
38759
38760
38761
38763
38764
38767
38768
38771
38772
38773
38774
38775
38784
38792
38794
38796
38803
38811
38818
38821
38823
38824
38825
38830
38833
38835
38840
38842
38847
38848
38849
38855
38858
38859
38862
38866
38867
38873
38878
38880
38882
38885
38890
38894
38895
38896
38897
38899
38905
38909
38910
38911
38912
38917
38918
38919
38920
38927
38928
38936
38938
38940
38943
38944
38945
38946
38947
38948
38949
38952
38958
38962
38963
38964
38965
38971
38972
38975
38981
38985
38988
38989
38995
38996
38998
38999
39000
39007
39009
39012
39014
39017
39021
39024
39025
39029
39033
39034
39035
39036
39040
39042
39044
39051
39056
39057
39060
39062
39069
39071
39075
39077
39080
39082
39086
39087
39088
39090
39094
39095
39097
39099
39100
39101
39105
39113
39114
39115
39116
39119
39121
39122
39126
39128
39130
39131
39144
39148
39154
39157
39159
39162
39163
39168
39169
39177
39178
39179
39182
39191
39193
39194
39197
39199
39205
39208
39217
39220
39226
39227
39231
39232
39233
39234
39235
39241
39249
39250
39252
39254
39255
39257
39261
39271
39277
39281
39283
39286
39289
39290
39292
39293
39294
39300
39302
39308
39313
39319
39320
39323
39334
39335
39337
39338
39339
39342
39344
39346
39349
39354
39361
39367
39368
39370
39373
39375
39377
39378
39379
39380
39381
39389
39392
39394
39395
39397
39398
39409
39411
39417
39418
39426
39427
39429
39431
39432
39435
39436
39438
39441
39444
39445
39447
39448
39449
39450
39451
39452
39454
39460
39461
39462
39465
39467
39468
39475
39477
39479
39486
39489
39490
39491
39492
39493
39494
39495
39496
39497
39504
39506
39507
39508
39512
39513
39518
39528
39529
39530
39535
39536
39537
39538
39539
39542
39543
39545
39547
39554
39558
39566
39571
39576
39577
39578
39579
39584
39587
39589
39592
39595
39597
39601
39605
39607
39624
39629
39630
39631
39635
39636
39638
39642
39645
39646
39649
39653
39666
39675
39677
39679
39680
39681
39691
39695
39696
39699
39704
39711
39713
39717
39727
39728
39731
39732
39746
39751
39753
39754
39755
39756
39762
39772
39773
39774
39777
39778
39783
39786
39787
39790
39793
39795
39796
39800
39801
39807
39809
39810
39813
39814
39815
39816
39821
39826
39827
39829
39830
39831
39832
39837
39842
39846
39847
39848
39851
39854
39855
39859
39861
39863
39865
39867
39868
39869
39871
39872
39873
39875
39876
39877
39878
39880
39881
39882
39884
39887
39891
39892
39893
39894
39900
39901
39902
39908
39916
39919
39920
39921
39928
39945
39946
39960
39966
39968
39969
39977
39980
39985
39988
39994
39996
40003
40004
40010
40011
40012
40013
40014
40017
40018
40019
40020
40029
40031
40035
40036
40046
40049
40051
40055
40057
40060
40062
40068
40070
40077
40084
40085
40087
40092
40097
40098
40117
40123
40125
40131
40134
40139
40140
40146
40148
40151
40153
40161
40163
40164
40170
40171
40173
40174
40180
40183
40184
40189
40190
40191
40192
40195
40196
40197
40198
40203
40209
40212
40213
40219
40221
40222
40229
40234
40235
40243
40248
40251
40257
40269
40270
40271
40276
40284
40287
40290
40294
40295
40298
40303
40308
40321
40322
40329
40332
40333
40334
40342
40343
40345
40346
40350
40356
40357
40359
40364
40368
40370
40377
40395
40397
40401
40402
40403
40409
40415
40418
40422
40435
40438
40440
40441
40445
40450
40452
40454
40459
40460
40461
40469
40471
40479
40480
40481
40484
40485
40486
40487
40489
40491
40493
40495
40501
40504
40507
40508
40514
40515
40516
40517
40521
40522
40527
40535
40545
40549
40557
40559
40560
40562
40567
40572
40573
40576
40580
40583
40605
40606
40607
40609
40623
40626
40640
40654
40670
40671
40674
40675
40683
40684
40687
40692
40696
40708
40709
40711
40713
40725
40736
40737
40738
40767
40772
40774
40775
40776
40778
40779
40780
40781
40782
40783
40786
40788
40789
40790
40791
40800
40803
40805
40824
40830
40831
40832
40842
40851
40858
40860
40864
40869
40872
40873
40875
40876
40878
40889
40893
40899
40909
40910
40911
40922
40925
40926
40937
40940
40962
40965
40970
40971
40974
41007
41039
41048
41056
41061
41068
41069
41079
41080
41095
41129
41136
41163
41174
41182
41189
41202
41203
41224
41227
41237
41238
41244
41246
41248
41266
41267
41273
41290
41291
41292
41303
41318
41333
41339
41355
41363
41370
41378
41387
41401
41403
41407
41408
41415
41417
41424
41425
41426
41427
41431
41432
41433
41434
41436
41438
41446
41447
41457
41459
41461
41473
41476
41477
41482
41498
41500
41501
41510
41511
41512
41516
41518
41520
41523
41524
41525
41527
41528
41529
41532
41533
41534
41535
41541
41550
41556
41567
41568
41572
41573
41575
41584
41593
41599
41609
41620
41621
41622
41627
41628
41629
41630
41631
41633
41634
41635
41640
41643
41644
41645
41646
41647
41648
41649
41650
41651
41652
41654
41656
41657
41659
41663
41666
41670
41673
41674
41676
41677
41678
41679
41684
41686
41693
41694
41697
41698
41700
41701
41706
41707
41709
41714
41715
41717
41718
41720
41725
41726
41727
41728
41736
41738
41742
41745
41747
41750
41751
41753
41759
41766
41767
41771
41772
41774
41775
41785
41789
41791
41792
41797
41798
41802
41803
41804
41805
41807
41813
41815
41824
41826
41830
41833
41835
41838
41849
41850
41851
41852
41853
41855
41856
41861
41863
41864
41865
41866
41868
41874
41880
41882
41893
41904
41907
41912
41915
41926
41930
41932
41933
41943
41944
41947
41953
41954
41957
41958
41960
41963
41966
41977
41983
41988
41989
41990
41991
41992
41994
41998
42002
42003
42005
42007
42008
42019
42025
42039
42044
42051
42056
42077
42079
42090
42091
42097
42101
42106
42118
42121
42123
42129
42133
42134
42135
42139
42143
42144
42147
42150
42151
42153
42154
42158
42163
42164
42165
42168
42172
42178
42181
42187
42192
42196
42198
42204
42213
42216
42217
42218
42220
42221
42223
42227
42228
42229
42236
42244
42259
42261
42283
42287
42290
42297
42307
42314
42317
42318
42322
42325
42326
42327
42333
42337
42338
42339
42344
42345
42356
42361
42370
42371
42373
42375
42376
42377
42381
42382
42383
42385
42386
42391
42397
42398
42403
42404
42407
42408
42414
42419
42424
42425
42426
42427
42428
42429
42430
42433
42435
42438
42443
42444
42445
42446
42450
42451
42452
42459
42460
42466
42467
42468
42475
42477
42480
42481
42490
42492
42495
42507
42508
42512
42518
42519
42520
42521
42522
42531
42534
42535
42537
42540
42549
42550
42551
42556
42558
42560
42562
42571
42577
42588
42590
42596
42605
42609
42610
42611
42612
42624
42626
42627
42629
42630
42633
42635
42636
42638
42641
42643
42645
42648
42649
42650
42659
42668
42671
42673
42674
42675
42676
42679
42682
42689
42693
42698
42700
42703
42705
42709
42713
42717
42718
42719
42721
42723
42726
42731
42737
42747
42748
42753
42755
42756
42757
42763
42767
42768
42769
42770
42771
42773
42774
42776
42777
42779
42784
42786
42791
42798
42801
42809
42820
42823
42830
42836
42841
42843
42844
42845
42851
42852
42856
42857
42864
42866
42867
42869
42870
42874
42875
42876
42878
42883
42885
42887
42890
42895
42896
42901
42902
42904
42913
42917
42918
42919
42924
42927
42930
42931
42932
42935
42938
42940
42943
42944
42949
42950
42952
42959
42961
42962
42966
42968
42970
42971
42974
42975
42976
42977
42983
42992
42993
42994
42995
42996
43004
43012
43014
43015
43016
43018
43019
43025
43029
43037
43038
43040
43043
43044
43049
43050
43051
43052
43053
43054
43058
43059
43060
43066
43067
43068
43069
43072
43073
43074
43079
43081
43083
43084
43088
43089
43090
43091
43092
43093
43094
43097
43101
43107
43114
43117
43124
43126
43127
43128
43129
43134
43135
43137
43142
43150
43151
43153
43161
43168
43169
43177
43179
43206
43216
43235
43236
43239
43245
43264
43270
43275
43277
43283
43303
43315
43330
43333
43335
43339
43341
43342
43345
43346
43349
43358
43359
43365
43377
43397
43416
43418
43419
43424
43427
43428
43430
43431
43432
43434
43436
43438
43439
43440
43441
43442
43443
43446
43453
43454
43456
43463
43464
43465
43466
43471
43474
43478
43479
43480
43481
43482
43489
43494
43495
43497
43498
43499
43505
43506
43509
43510
43512
43513
43514
43515
43518
43520
43522
43527
43528
43529
43532
43534
43537
43539
43545
43557
43558
43574
43580
43581
43597
43599
43603
43604
43606
43607
43620
43623
43629
43632
43637
43644
43646
43652
43673
43678
43679
43680
43681
43684
43686
43687
43689
43690
43692
43694
43698
43699
43700
43702
43703
43705
43706
43707
43708
43712
43716
43719
43726
43727
43729
43733
43739
43742
43746
43748
43749
43751
43754
43757
43758
43759
43760
43761
43762
43763
43764
43770
43771
43773
43774
43778
43781
43785
43787
43788
43789
43790
43791
43792
43793
43798
43805
43808
43815
43816
43817
43822
43823
43825
43829
43830
43832
43837
43838
43847
43849
43853
43860
43864
43868
43869
43870
43873
43874
43876
43884
43886
43888
43890
43891
43893
43903
43911
43912
43913
43916
43920
43922
43925
43927
43928
43932
43933
43935
43938
43939
43943
43951
43952
43953
43957
43966
43967
43969
43973
43985
43986
43992
44009
44010
44011
44012
44017
44026
44027
44032
44035
44036
44037
44051
44052
44053
44060
44061
44065
44069
44070
44073
44075
44083
44084
44086
44087
44088
44090
44104
44115
44123
44124
44126
44130
44141
44144
44146
44147
44150
44153
44157
44158
44161
44163
44166
44167
44168
44170
44172
44175
44176
44178
44181
44182
44184
44188
44189
44192
44197
44200
44203
44204
44207
44208
44209
44217
44220
44224
44226
44230
44239
44240
44249
44250
44255
44257
44259
44260
44262
44266
44268
44270
44272
44276
44280
44283
44284
44290
44292
44294
44299
44300
44304
44305
44308
44313
44316
44317
44318
44320
44321
44324
44327
44328
44329
44330
44331
44336
44340
44342
44343
44345
44348
44349
44351
44354
44357
44359
44362
44364
44367
44368
44371
44374
44375
44376
44377
44381
44384
44385
44390
44392
44393
44394
44400
44403
44405
44408
44414
44415
44422
44426
44430
44431
44432
44433
44434
44442
44443
44446
44447
44448
44449
44460
44463
44464
44465
44466
44469
44471
44473
44474
44484
44485
44491
44494
44499
44500
44501
44502
44504
44505
44512
44515
44520
44525
44531
44533
44534
44535
44538
44549
44550
44554
44555
44563
44564
44570
44575
44577
44578
44604
44605
44610
44613
44621
44624
44625
44629
44631
44632
44637
44640
44645
44646
44647
44648
44650
44653
44654
44655
44656
44657
44661
44663
44669
44672
44674
44676
44677
44678
44679
44690
44691
44697
44698
44700
44701
44702
44703
44704
44705
44707
44708
44709
44711
44712
44715
44716
44719
44720
44725
44726
44730
44731
44732
44733
44734
44735
44736
44739
44740
44742
44744
44746
44747
44748
44751
44752
44753
44755
44756
44757
44758
44760
44761
44762
44765
44766
44767
44769
44771
44775
44776
44777
44779
44784
44787
44800
44805
44807
44809
44815
44821
44825
44827
44831
44860
44868
44893
44921
44925
44928
44929
44931
44934
44942
44951
44967
44971
44993
44997
45040
45051
45055
45076
45105
45120
45123
45128
45132
45139
45157
45160
45161
45170
45177
45179
45186
45188
45201
45211
45217
45231
45237
45238
45274
45275
45276
45277
45278
45280
45284
45286
45287
45288
45289
45291
45292
45293
45295
45296
45302
45306
45308
45313
45314
45315
45316
45317
45318
45320
45322
45327
45328
45329
45330
45333
45336
45337
45339
45344
45348
45350
45354
45363
45364
45372
45373
45377
45378
45380
45383
45387
45389
45399
45400
45401
45402
45406
45409
45410
45413
45415
45416
45417
45419
45420
45425
45428
45429
45430
45431
45433
45437
45438
45440
45441
45442
45446
45447
45448
45449
45459
45466
45468
45470
45472
45474
45476
45489
45493
45497
45498
45500
45501
45503
45505
45508
45509
45515
45517
45518
45520
45521
45522
45523
45524
45526
45528
45530
45535
45536
45540
45543
45549
45550
45551
45552
45554
45555
45556
45557
45558
45561
45562
45564
45565
45568
45569
45571
45572
45573
45574
45575
45576
45578
45579
45580
45581
45583
45584
45585
45586
45590
45592
45593
45595
45596
45597
45598
45599
45600
45603
45606
45612
45615
45618
45619
45620
45621
45623
45624
45626
45628
45629
45632
45633
45636
45638
45639
45641
45642
45648
45652
45656
45661
45669
45672
45674
45676
45678
45680
45684
45685
45686
45688
45690
45691
45692
45693
45695
45696
45698
45705
45706
45708
45710
45711
45714
45717
45720
45723
45727
45728
45732
45733
45735
45736
45737
45739
45740
45741
45742
45744
45746
45748
45749
45751
45752
45753
45755
45759
45760
45763
45765
45766
45767
45769
45770
45771
45774
45775
45776
45778
45779
45780
45781
45782
45783
45784
45787
45796
45797
45798
45799
45800
45806
45809
45811
45812
45814
45815
45817
45818
45820
45824
45832
45838
45843
45847
45857
45859
45862
45863
45868
45870
45873
45875
45876
45877
45880
45890
45891
45893
45894
45900
45903
45910
45911
45912
45914
45918
45922
45923
45924
45925
45929
45930
45931
45933
45934
45935
45937
45940
45942
45943
45944
45946
45954
45960
45963
45964
45965
45967
45969
45974
45975
45977
45980
45982
45985
45994
46001
46002
46007
46015
46016
46018
46020
46021
46025
46027
46033
46042
46043
46048
46050
46057
46059
46061
46062
46063
46064
46065
46066
46067
46068
46072
46075
46076
46085
46088
46089
46093
46097
46098
46099
46101
46108
46115
46116
46118
46119
46120
46121
46123
46125
46127
46130
46138
46143
46144
46145
46158
46167
46169
46174
46177
46181
46183
46184
46186
46189
46196
46199
46210
46226
46230
46231
46234
46235
46236
46237
46238
46245
46251
46252
46266
46267
46269
46272
46275
46285
46290
46291
46298
46299
46300
46302
46304
46305
46307
46311
46313
46315
46317
46319
46320
46324
46326
46328
46331
46333
46335
46339
46343
46344
46345
46346
46347
46352
46354
46360
46364
46367
46370
46378
46381
46382
46387
46389
46391
46392
46393
46394
46397
46398
46400
46402
46409
46411
46413
46416
46417
46419
46422
46425
46426
46427
46429
46437
46441
46451
46452
46454
46456
46461
46477
46478
46481
46482
46492
46493
46494
46507
46509
46510
46516
46524
46531
46544
46547
46548
46549
46556
46559
46562
46569
46570
46571
46586
46587
46590
46591
46592
46594
46597
46598
46608
46613
46614
46615
46616
46617
46620
46630
46639
46642
46643
46648
46650
46666
46669
46670
46671
46672
46673
46674
46676
46678
46680
46683
46684
46687
46691
46692
46693
46698
46701
46707
46716
46718
46719
46729
46731
46734
46742
46745
46749
46750
46752
46753
46754
46756
46758
46763
46770
46772
46779
46780
46783
46791
46803
46804
46808
46809
46810
46814
46815
46817
46818
46824
46825
46826
46827
46828
46830
46832
46834
46835
46837
46839
46843
46846
46847
46848
46851
46852
46853
46859
46861
46862
46877
46890
46899
46907
46916
46917
46918
46926
46927
46938
46939
46954
46956
46965
46972
46987
46989
46997
47011
47013
47016
47018
47028
47030
47036
47037
47049
47050
47052
47057
47069
47070
47077
47081
47085
47089
47109
47111
47112
47117
47118
47132
47135
47136
47138
47153
47155
47161
47169
47204
47211
47216
47217
47220
47225
47231
47237
47238
47239
47241
47257
47258
47272
47274
47275
47276
47277
47278
47279
47292
47295
47296
47297
47299
47300
47302
47304
47305
47308
47317
47318
47319
47321
47323
47324
47326
47327
47332
47334
47337
47342
47344
47346
47347
47348
47349
47351
47352
47354
47359
47360
47361
47362
47363
47373
47374
47384
47386
47387
47388
47389
47390
47393
47394
47401
47404
47405
47406
47407
47408
47409
47410
47413
47414
47422
47423
47429
47430
47431
47432
47439
47441
47443
47445
47447
47449
47450
47452
47456
47457
47463
47464
47465
47467
47469
47482
47484
47492
47494
47496
47500
47501
47504
47505
47506
47507
47508
47511
47512
47513
47514
47515
47517
47518
47529
47530
47531
47532
47533
47537
47543
47544
47546
47547
47548
47550
47552
47553
47554
47555
47557
47559
47562
47563
47566
47567
47569
47570
47571
47576
47578
47579
47585
47592
47599
47604
47606
47608
47609
47613
47616
47627
47628
47629
47630
47631
47634
47639
47648
47649
47654
47656
47657
47660
47661
47662
47664
47665
47668
47670
47681
47682
47684
47685
47687
47688
47691
47692
47693
47694
47699
47700
47701
47710
47714
47723
47725
47728
47734
47735
47737
47738
47739
47741
47742
47748
47749
47752
47754
47755
47756
47761
47763
47764
47766
47768
47769
47771
47773
47775
47776
47778
47780
47785
47786
47791
47792
47793
47797
47798
47803
47806
47807
47809
47811
47812
47826
47827
47831
47834
47838
47839
47843
47857
47870
47880
47882
47883
47887
47888
47891
47892
47893
47895
47902
47903
47906
47907
47909
47910
47911
47912
47913
47915
47919
47920
47927
47928
47929
47930
47932
47937
47946
47947
47951
47952
47993
48000
48010
48021
48030
48031
48032
48040
48043
48044
48046
48049
48052
48054
48055
48060
48062
48065
48069
48074
48075
48076
48081
48087
48088
48092
48094
48097
48099
48102
48104
48107
48108
48116
48118
48119
48121
48127
48137
48139
48141
48155
48161
48163
48168
48169
48170
48183
48191
48192
48194
48196
48198
48200
48202
48217
48219
48220
48231
48234
48239
48244
48246
48248
48257
48261
48270
48271
48273
48275
48276
48281
48283
48285
48287
48289
48290
48296
48297
48299
48302
48303
48304
48306
48308
48311
48312
48317
48318
48321
48323
48325
48328
48331
48332
48335
48337
48341
48347
48352
48353
48356
48357
48358
48363
48364
48367
48369
48370
48372
48376
48383
48390
48391
48392
48393
48394
48396
48399
48406
48410
48411
48412
48414
48421
48432
48436
48437
48438
48442
48443
48459
48460
48462
48463
48464
48465
48466
48467
48468
48469
48474
48476
48477
48478
48485
48503
48509
48513
48514
48523
48527
48529
48530
48532
48534
48535
48537
48541
48545
48546
48549
48564
48565
48566
48568
48569
48580
48582
48588
48590
48593
48594
48599
48603
48610
48611
48615
48617
48619
48620
48621
48624
48628
48629
48631
48636
48648
48651
48661
48674
48680
48686
48689
48693
48705
48708
48709
48710
48719
48720
48723
48724
48726
48727
48729
48732
48733
48735
48736
48737
48738
48741
48742
48743
48744
48747
48748
48749
48750
48752
48763
48767
48769
48770
48771
48772
48774
48775
48776
48778
48783
48785
48789
48791
48793
48794
48798
48801
48802
48804
48805
48806
48808
48809
48810
48813
48814
48817
48821
48822
48829
48830
48832
48834
48835
48837
48838
48840
48843
48848
48849
48853
48854
48855
48858
48860
48861
48862
48863
48868
48870
48879
48881
48882
48883
48884
48888
48889
48890
48896
48898
48899
48900
48904
48905
48906
48907
48908
48909
48913
48914
48916
48929
48932
48934
48938
48939
48940
48943
48944
48947
48951
48952
48955
48956
48962
48963
48965
48966
48967
48968
48969
48970
48971
48976
48977
48978
48982
48983
48986
48987
48997
49001
49003
49005
49008
49011
49012
49014
49015
49019
49020
49022
49023
49025
49026
49033
49034
49038
49039
49040
49041
49045
49046
49049
49052
49054
49062
49066
49070
49071
49075
49077
49078
49082
49084
49085
49087
49088
49089
49091
49092
49096
49100
49101
49103
49105
49107
49109
49110
49115
49116
49122
49124
49129
49131
49134
49135
49137
49138
49140
49141
49147
49148
49150
49152
49154
49155
49156
49158
49167
49169
49170
49174
49176
49177
49179
49182
49185
49191
49198
49206
49208
49209
49211
49213
49220
49221
49222
49223
49225
49228
49232
49233
49234
49235
49236
49237
49238
49239
49242
49243
49244
49245
49246
49250
49252
49257
49261
49265
49271
49272
49274
49276
49279
49281
49282
49293
49294
49297
49298
49301
49315
49316
49317
49320
49321
49327
49328
49329
49331
49335
49337
49339
49341
49352
49354
49355
49365
49371
49373
49375
49376
49377
49378
49380
49381
49386
49389
49393
49396
49405
49411
49413
49415
49416
49420
49421
49423
49426
49428
49429
49430
49433
49435
49436
49437
49440
49444
49445
49447
49449
49455
49458
49460
49461
49462
49463
49465
49467
49468
49479
49480
49481
49484
49492
49499
49503
49504
49506
49509
49510
49514
49518
49519
49520
49525
49528
49529
49531
49536
49537
49538
49540
49543
49545
49546
49547
49550
49554
49556
49557
49562
49566
49569
49576
49582
49590
49592
49593
49598
49599
49601
49609
49611
49615
49616
49618
49621
49624
49625
49627
49632
49634
49635
49636
49637
49642
49647
49649
49650
49651
49652
49653
49658
49664
49672
49674
49676
49679
49680
49682
49683
49684
49686
49687
49688
49690
49693
49695
49696
49697
49700
49701
49702
49703
49704
49705
49707
49708
49709
49710
49711
49712
49715
49716
49718
49719
49720
49737
49738
49739
49740
49743
49744
49745
49747
49748
49749
49751
49759
49764
49767
49770
49773
49774
49777
49786
49787
49789
49792
49795
49825
49828
49832
49835
49837
49843
49845
49862
49864
49870
49877
49882
49885
49889
49892
49893
49896
49897
49898
49900
49904
49909
49915
49916
49917
49918
49920
49925
49928
49938
49944
49945
49947
49949
49952
49953
49954
49961
49962
49964
49967
49970
49976
49986
49994
49999
50007
50014
50016
50023
50026
50031
50035
50041
50042
50049
50052
50053
50054
50055
50059
50066
50067
50073
50074
50075
50079
50081
50083
50085
50086
50089
50092
50097
50099
50100
50106
50113
50114
50119
50128
50131
50135
50143
50145
50147
50148
50149
50155
50156
50157
50160
50162
50165
50167
50168
50172
50173
50175
50179
50180
50184
50191
50192
50194
50195
50196
50199
50202
50208
50212
50215
50217
50218
50219
50222
50228
50229
50230
50231
50237
50238
50242
50243
50246
50248
50250
50251
50253
50254
50256
50261
50267
50268
50270
50273
50274
50275
50276
50277
50278
50287
50300
50303
50307
50308
50312
50314
50316
50319
50320
50321
50323
50324
50327
50330
50336
50342
50345
50350
50351
50377
50379
50381
50383
50384
50385
50386
50388
50390
50391
50396
50398
50399
50400
50402
50404
50405
50406
50407
50408
50409
50410
50411
50412
50413
50414
50421
50423
50424
50428
50430
50432
50434
50437
50440
50448
50449
50451
50452
50454
50455
50456
50457
50458
50460
50461
50462
50466
50468
50469
50470
50471
50472
50474
50475
50476
50482
50483
50485
50486
50487
50488
50489
50493
50494
50495
50498
50507
50510
50511
50514
50515
50519
50520
50521
50523
50524
50528
50529
50530
50531
50532
50533
50536
50543
50544
50545
50547
50548
50550
50558
50559
50560
50566
50568
50569
50570
50572
50575
50576
50577
50578
50579
50580
50581
50583
50585
50588
50593
50595
50596
50597
50603
50605
50607
50608
50611
50612
50614
50615
50620
50623
50625
50626
50628
50629
50630
50633
50634
50638
50639
50643
50645
50646
50647
50648
50651
50653
50655
50657
50667
50672
50675
50677
50680
50682
50685
50690
50696
50705
50708
50709
50713
50715
50717
50718
50722
50723
50726
50727
50728
50732
50734
50736
50738
50740
50741
50743
50744
50746
50748
50750
50759
50763
50765
50767
50770
50771
50773
50774
50775
50777
50778
50780
50783
50795
50799
50801
50802
50807
50808
50809
50813
50814
50816
50819
50821
50831
50832
50849
50853
50858
50861
50862
50874
50893
50901
50916
50920
50926
50940
50941
50957
50971
50985
50996
51000
51007
51008
51022
51043
51044
51048
51065
51076
51077
51087
51091
51100
51103
51105
51113
51116
51118
51120
51122
51126
51129
51131
51138
51152
51160
51173
51174
51176
51182
51190
51193
51195
51203
51204
51206
51208
51212
51213
51219
51223
51226
51250
51253
51257
51258
51260
51262
51264
51268
51273
51274
51277
51278
51285
51286
51292
51305
51306
51314
51315
51319
51324
51325
51326
51327
51329
51332
51333
51335
51336
51338
51339
51341
51346
51348
51351
51352
51358
51364
51371
51375
51380
51385
51386
51388
51390
51393
51394
51400
51406
51407
51409
51410
51414
51416
51418
51421
51424
51425
51433
51434
51437
51439
51443
51445
51455
51456
51458
51468
51470
51472
51473
51474
51487
51541
51542
51543
51544
51552
51576
51578
51589
51590
51591
51592
51593
51596
51597
51598
51599
51602
51604
51605
51606
51613
51616
51623
51627
51629
51630
51631
51632
51633
51637
51639
51640
51641
51645
51648
51649
51650
51652
51653
51659
51665
51670
51672
51676
51677
51679
51685
51687
51690
51692
51693
51694
51695
51697
51700
51701
51702
51707
51711
51713
51716
51717
51719
51720
51721
51724
51725
51729
51730
51731
51734
51735
51738
51739
51749
51750
51751
51752
51754
51757
51761
51769
51770
51773
51779
51783
51784
51785
51786
51787
51791
51792
51793
51795
51796
51797
51799
51801
51802
51803
51804
51805
51806
51807
51808
51810
51811
51817
51818
51819
51822
51823
51826
51828
51829
51831
51834
51837
51838
51841
51845
51847
51848
51850
51859
51860
51863
51866
51867
51868
51870
51871
51872
51873
51876
51879
51880
51881
51884
51885
51889
51892
51898
51900
51905
51908
51911
51912
51914
51915
51916
51918
51920
51921
51922
51925
51926
51927
51934
51936
51937
51938
51940
51941
51942
51944
51945
51949
51957
51959
51960
51961
51962
51963
51964
51965
51969
51971
51972
51973
51975
51976
51979
51980
51981
51984
51992
51994
51995
51996
51998
52008
52019
52035
52036
52039
52044
52047
52057
52059
52060
52061
52068
52086
52089
52095
52097
52099
52103
52108
52113
52124
52126
52161
52169
52181
52189
52191
52192
52208
52217
52234
52238
52244
52252
52261
52264
52266
52269
52276
52278
52317
52320
52328
52336
52344
52353
52356
52358
52367
52374
52379
52380
52381
52390
52395
52397
52400
52402
52403
52404
52407
52409
52410
52413
52415
52416
52417
52419
52428
52430
52432
52434
52438
52439
52441
52442
52445
52449
52451
52453
52454
52456
52461
52464
52465
52469
52471
52475
52476
52481
52482
52483
52485
52486
52488
52492
52493
52497
52498
52499
52500
52501
52505
52506
52509
52511
52513
52516
52518
52519
52521
52524
52527
52535
52540
52547
52549
52556
52557
52559
52560
52561
52563
52565
52569
52571
52574
52578
52581
52583
52584
52586
52588
52592
52597
52606
52608
52609
52610
52611
52613
52617
52621
52622
52625
52626
52627
52629
52630
52631
52633
52634
52635
52639
52640
52642
52643
52644
52647
52649
52651
52654
52656
52663
52664
52667
52668
52669
52672
52675
52681
52683
52684
52689
52695
52697
52698
52699
52702
52707
52708
52714
52718
52723
52724
52726
52731
52734
52735
52753
52766
52785
52792
52793
52794
52795
52798
52803
52804
52805
52806
52808
52809
52811
52812
52814
52815
52820
52823
52824
52829
52831
52833
52835
52836
52837
52840
52842
52845
52851
52852
52853
52861
52870
52875
52880
52883
52884
52885
52887
52888
52889
52896
52897
52898
52899
52900
52901
52902
52908
52909
52910
52913
52919
52926
52927
52931
52934
52936
52937
52938
52939
52941
52942
52945
52949
52950
52953
52954
52956
52958
52959
52961
52970
52982
52983
52984
52993
52996
52997
52998
52999
53000
53001
53002
53006
53010
53011
53012
53013
53017
53022
53024
53028
53030
53031
53033
53036
53037
53038
53040
53048
53050
53052
53053
53054
53056
53057
53058
53075
53077
53082
53083
53097
53098
53099
53100
53101
53102
53103
53104
53105
53106
53107
53108
53112
53123
53134
53136
53140
53142
53147
53148
53149
53150
53151
53153
53158
53159
53160
53163
53165
53166
53174
53175
53177
53182
53189
53195
53198
53200
53201
53202
53210
53217
53221
53222
53223
53226
53234
53239
53247
53248
53251
53253
53256
53258
53259
53262
53264
53267
53268
53278
53280
53284
53288
53289
53293
53297
53298
53300
53302
53303
53304
53318
53323
53327
53328
53329
53333
53339
53341
53342
53344
53345
53347
53349
53353
53354
53355
53359
53360
53366
53372
53377
53385
53386
53397
53398
53400
53404
53406
53412
53415
53416
53417
53423
53424
53427
53428
53429
53433
53438
53448
53449
53451
53452
53457
53461
53462
53468
53473
53488
53493
53497
53504
53507
53509
53513
53514
53515
53516
53517
53518
53519
53524
53527
53531
53536
53539
53540
53543
53547
53548
53552
53555
53560
53564
53565
53566
53567
53568
53570
53571
53575
53583
53584
53585
53586
53588
53589
53590
53592
53593
53602
53603
53604
53606
53611
53612
53613
53614
53615
53616
53619
53620
53621
53622
53624
53625
53629
53637
53638
53639
53643
53645
53649
53650
53651
53652
53654
53660
53665
53669
53673
53675
53676
53677
53679
53685
53686
53687
53688
53690
53691
53692
53694
53695
53696
53697
53698
53699
53700
53702
53704
53706
53711
53714
53715
53716
53717
53719
53722
53724
53726
53731
53733
53735
53739
53740
53741
53744
53745
53746
53748
53750
53751
53753
53754
53755
53757
53762
53763
53765
53767
53768
53772
53774
53777
53779
53780
53782
53785
53792
53793
53796
53797
53803
53806
53807
53812
53820
53822
53825
53826
53827
53828
53834
53835
53836
53838
53841
53842
53844
53846
53847
53848
53851
53852
53854
53856
53858
53862
53863
53866
53874
53879
53882
53887
53891
53894
53895
53897
53899
53900
53901
53903
53904
53906
53909
53911
53912
53913
53915
53916
53918
53920
53925
53926
53929
53930
53932
53933
53934
53940
53941
53945
53946
53950
53953
53958
53959
53961
53962
53965
53966
53969
53970
53971
53973
53974
53975
53976
53977
53978
53981
53982
53987
53988
53989
53990
53991
53992
53993
53996
53997
53998
54001
54002
54003
54008
54009
54011
54013
54014
54016
54017
54019
54021
54022